7.810530944390312	7.910163960787071
7.813896909981464	7.852705682337695
7.817043476880919	7.78686632804721
7.814756326921724	7.973036323013675
7.820400175328109	7.884215865329879
7.81553003647307	7.820602681985438
7.816130030782577	7.8771764862651095
7.821153853791961	7.79917351294247
7.812449254410341	7.795359881635111
7.813662034305195	7.863101113134491
7.822913772770677	7.899489628728886
7.823354129782219	7.884562320740289
7.820106404249745	7.860279036287055
7.82111031074442	7.872520298971247
7.8093279665323525	7.841447615185155
7.817124189384066	7.770124709116012
7.8109659024764015	7.729803819811046
7.823102234327914	7.853322599916196
7.812321042796566	8.02782453677513
7.809215819245714	7.908769147922984
7.818158614255104	7.8376776081223865
7.823302322569099	7.763005632081514
7.816849654957482	7.878535545567054
7.807418662133121	7.910767797093756
7.819040401960428	7.904325381147066
7.817684850718658	7.776620769270097
7.809426371908005	7.992697649778606
7.812839606115316	7.899385342003176
7.819049547861715	7.899437316616457
7.811299156884538	7.836458753318488
7.806757627138132	7.792695162769947
7.814823976792347	7.842109507334291
7.816208060441107	7.797473961870848
7.809890805603469	7.889964595356032
7.825668219520552	7.868295202457298
7.815631049568377	8.007736701712183
7.817958273703319	7.818142622756147
7.8183729391602705	7.849352088158222
7.815268180424788	7.886136719243515
7.8199684485076935	7.912507993015329
7.8216869713183454	7.887222892251162
7.819122351584796	7.98444464651693
7.814848962393576	7.855328388354188
7.819486255194551	7.816638067519965
7.815393217209857	7.847716020495208
7.8134323400002526	7.8363399007366095
7.818393787111259	7.8475576351475205
7.815095530871284	7.8694761541126645
7.814502582853677	7.776508921879397
7.8175040249399625	7.974862324139869
7.809667839382329	7.890773655495988
7.823604074042019	7.771896900732811
7.815834812548316	7.904338349542925
7.817234296097413	7.89851044138442
7.823303670968402	7.767725145774785
7.813346595058714	7.82168832641541
7.820898377037317	7.795538754945535
7.811625066353156	7.766395842314848
7.815231388007717	7.906666820807814
7.812549924906772	7.791040106151073
7.818426226394989	7.877731646229281
7.8097720162848505	7.857331242794921
7.818449699430095	7.835929519407636
7.812997435622398	7.902339418388921
7.819478319055383	7.818644672595872
7.798796464020589	7.964004346905321
7.813892741012851	7.86903218866804
7.817582740810943	7.768585951230572
7.821352184180383	7.752854052359894
7.811634436724879	7.933093812966342
7.81702086169656	7.898997533401151
7.811678706667977	7.8944023754630965
7.8266178643697515	7.815169162373701
7.808614220219075	7.746442065393224
7.810416733996871	7.84410845027575
7.812105068309852	7.841635304059237
7.809818797205217	7.790907124657365
7.811948178830486	7.83605892937226
7.809938820982079	7.806405238156681
7.820633128723886	7.931882263132354
7.818667790079419	7.803046063612362
7.817605038876813	7.847916176361135
7.825117889478203	7.85812931274305
7.815921606303756	7.894545258766181
7.819100946681652	7.893653586362331
7.83712380960559	7.835775562483043
7.809314660812206	7.82540790778992
7.811926062286371	7.98715440993973
7.825130269326634	7.878111325890884
7.816031943998069	7.938168975664113
7.820663655168926	7.937940004061866
7.81602798441088	7.9552113779077365
7.8117930599898555	7.8232563277684415
7.818292312333688	7.817074784382436
7.823566209040386	7.84454727811339
7.8132801044722955	7.85798437210047
7.819924522512462	7.847907814961539
7.813087575801842	7.856150623605569
7.820301834075783	7.880097143148643
7.812828843493619	7.852567143270237
7.81722803289571	7.865750354494483
7.823932719406515	7.8559820938287634
7.818616823671667	7.837558273259993
7.822848536791246	7.843264235646981
7.821955055113173	7.806730691870735
7.824592490258652	7.947726271418484
7.8147000501837836	7.927624101191068
7.819854956482958	7.889942825393937
7.812863509096625	7.821979637187059
7.824334778915544	7.978220924219634
7.811742257926604	7.921351596713748
7.8078419493797755	7.800392932060958
7.819625785779808	7.755103642698026
7.81581826732214	7.849569404351955
7.816794130171597	7.758717080992573
7.814594276244351	7.840183534491674
7.829865743364255	7.924216422019629
7.818240851882539	7.788332223919553
7.815492082566921	7.879824305728167
7.825277730966641	7.944177746535372
7.82289539813512	7.863274175996597
7.811050692946545	7.908120880622714
7.817354314602422	7.790108126555098
7.8084400236109515	7.970607522407137
7.832352335927191	7.8473287710094235
7.806155336257252	7.849693531148197
7.814304443416444	7.851687579290953
7.8153513731832644	7.8176462938355575
7.818361090635225	7.868172094527192
7.818243789898684	7.730687644542739
7.808354810280527	7.805750867326926
7.816727465078927	7.810095234226437
7.814121012120439	7.7964971185125185
7.821344326473123	7.797706878799634
7.812710040491376	7.9156328171963635
7.813189844388027	7.841815398522069
7.818511015865441	7.886340414294135
7.816831120544243	7.880688423206609
7.819854225891606	7.909795853301117
7.8068280755695305	7.7906121654619715
7.818222834549333	7.913188848484567
7.824504095859133	7.994352493199605
7.8152970064991605	7.854419191553412
7.802093674567539	7.905143772388509
7.813792765216011	7.817299074444689
7.8290728394430165	7.839144971361235
7.811176264071494	7.8339637551776855
7.807734254406764	7.891284242604585
7.812915370665191	7.769153488599073
7.82175047652528	7.9227162249256144
7.814908210084745	7.81086555332768
7.813298638718663	7.7773742513362984
7.821260825344446	7.8321357843954615
7.819157326991235	7.891462877525698
7.804387457045887	7.855872905236818
7.812162451145713	7.864799446707654
7.824163171076473	7.9968259141085944
7.821112589476518	7.8669355450682295
7.818952155124836	7.88101297947835
7.811435134658856	7.866047232753836
7.821479391914959	7.839971159061295
7.812753398486816	7.9111590632442566
7.808822581788114	7.790428648686427
7.814403918541762	7.92583090633697
7.818692540385341	7.75641573320543
7.819781609077405	7.830814233638914
7.821339199886123	7.859015524324143
7.81470941913714	7.824906941747728
7.831142560882655	7.768846742925906
7.824053788066051	7.818400021728351
7.819849353335152	7.895804967584705
7.817980356697997	7.858430810383458
7.818117094487267	7.742862981132118
7.821908705827643	7.959766736321513
7.820254064445035	7.823298949863664
7.80939162610285	7.8278495367603895
7.820570944848694	7.955787511304422
7.827650121602585	7.894300415811598
7.8130654440145335	7.929403880320594
7.8183883134043555	7.814712038569466
7.813724862742301	7.841786933550916
7.810509346241495	7.909299736505695
7.811585080562955	7.957524255249186
7.818396579034681	7.894215779796683
7.818366031439199	7.803153244995421
7.814035924324418	7.762176247354535
7.817592735263738	7.939019215745711
7.818408707377388	7.891726766146379
7.812396662141139	7.915008285629953
7.8166699591355595	7.9859095229240395
7.814845651905211	7.867275946129961
7.821913945481769	7.80421765899882
7.81390214339609	7.881394110883023
7.8158301984307395	7.73754201280239
7.807995394581441	7.881801466280644
7.812541908518227	7.8707560309324665
7.818380326978845	7.773438527340921
7.816043063646612	7.790253352200364
7.823236642210706	7.707332205264834
7.8138820621310465	7.889781380603537
7.818881688002194	7.896945013530579
7.8224363458285655	7.882315227940681
7.8178968808710625	7.783269725395262
7.801843608996701	7.966701619061027
7.811294616096946	7.838409374138789
7.810394956157274	7.827835973824297
7.8191977599652684	7.791558176383556
7.811274592423397	7.760430791163704
7.824604585932037	7.920679247791903
7.807573396853459	7.781909664873041
7.818190797961959	7.986308321030385
7.814629033684102	7.914175786390239
7.821626532619343	7.8947165269204
7.82500626730896	7.743123285378599
7.81766725018364	7.880445967357822
7.814214946412217	7.747829687952987
7.818204158176782	7.848839275136447
7.818742591193818	7.838520438941924
7.820243930938148	7.88194138106189
7.809482258380615	7.814767432794904
7.812831560004518	7.841287992902703
7.806739055948591	7.894280884919589
7.809319803613024	7.823400361240227
7.812483857349189	7.987003254157209
7.814391094803718	7.900387051376392
7.814065349731604	7.856440409768098
7.8168790832062545	7.787736042344784
7.815242447951094	7.987333468507184
7.814474521235202	7.878615182694973
7.819657734433223	7.874241631844906
7.823440463562163	7.82597829224141
7.8146800068467375	7.871296669710271
7.821613248560716	7.879737899828254
7.816245400371945	7.819071590616978
7.817705822848912	7.819909770190556
7.804065296088176	7.955057667301741
7.815778769355853	7.835635554255209
7.817131357562019	7.768048994559104
7.813300747557994	7.85656721678082
7.810960265148328	7.767952963418055
7.814843810814632	7.891310484724748
7.810418785663877	7.863440769240933
7.819935037530152	7.880815555289219
7.8165015601439	7.872596826254264
7.81319466283235	7.793099881688625
7.817646837858363	7.850750142605642
7.8054986022417685	7.805768465129918
7.819173640771389	7.918179467889117
7.812197787230894	7.88570918454856
7.820153805298967	7.93884981539443
7.8099421642569355	7.9351825921456705
7.82222748751069	7.823162587723384
7.819099690016887	7.71446453291087
7.820426161713647	7.874837201688799
7.814381911350147	7.92869025697387
7.818237454337401	7.866394549080809
7.819303526171574	7.886024078848016
7.824298912094825	7.8201688923207
7.821880900084253	7.757353819595243
7.819803493067224	7.846774592421887
7.816698950664738	7.854969498661445
7.811070856756474	7.830569885458854
7.817955666969652	7.960788717716811
7.805150350805172	7.796199372301459
7.809368347868762	7.891425342744327
7.816355010379745	7.8093763485961505
7.818034807397728	7.819846385125702
7.819618091636968	7.967442463197081
7.821442092162444	7.846273193447405
7.814060711188941	7.780779525971236
7.8217614904507995	7.934364698402609
7.811837271510056	7.7965153261
7.810930673901084	7.938583976736278
7.815838442248268	7.80815080346146
7.823125917610284	7.8362438078721
7.816783554169562	7.844620464214797
7.813781583292185	7.9276834390787245
7.810519510478219	7.791643348475047
7.812623948043199	7.911913382690876
7.814111467727463	7.889648054208094
7.822315975295458	7.940304498655013
7.820530606302203	7.768665645593243
7.819242276788624	7.9165616895665405
7.819005006853919	7.977745908191394
7.811813138761992	7.907326884845653
7.826413684086471	7.879851252764182
7.810348987037032	7.8207859400617314
7.817776117424678	7.934474957795657
7.8188005494420025	7.927264822781883
7.825471313028806	7.884362936051389
7.827430131738735	7.893114996046882
7.815853424395718	7.929774828429186
7.827697118776304	7.789170407928396
7.813372689670933	7.7696332187685275
7.815744788017835	7.820484338530406
7.827930129498545	7.892680940339918
7.806601674417654	7.857405432646468
7.816234741808388	7.903430866844542
7.82496805171761	7.8283727442820314
7.800843520872233	7.804462073355825
7.8154370371754105	7.923507776180876
7.822916422651737	7.777534524118223
7.8195541851408095	7.886409478721974
7.808546367607461	7.8041807441157935
7.821162460510903	7.869608188601694
7.799262462064578	7.843619674025071
7.82127065302534	7.7984921251914345
7.820514103131368	7.81131766465649
7.818771984123213	7.883790349832533
7.819247342760767	7.911488506142131
7.8091854836139385	7.878595003222713
7.812508081204531	7.829751881620856
7.810813498301654	7.889945425587086
7.813481172119217	7.809365466796266
7.821552106153094	7.869159456943169
7.8192910832528515	7.806778235338784
7.814693609960593	7.765129411716217
7.819847352070567	7.784225961783398
7.816075386243909	7.9047390083681055
7.805001097815556	7.9046345214399905
7.81004020273556	7.842866103878683
7.81707362278234	7.722977195305474
7.81962058855498	7.8004695739350085
7.819891037643483	7.813730020683542
7.81420701822819	7.809288993382711
7.815017637472895	7.782073215118063
7.806328745491635	7.928274497850385
7.805746067311988	7.85616829964822
7.816475022540365	7.8567148494968535
7.8230126026537485	7.874011949507034
7.81048114941719	7.879115778235133
7.8153649978112485	7.863296153165207
7.816480521685596	7.858787722869547
7.8215915051829334	7.84401015911346
7.812780956573839	7.929125857867317
7.820264543842095	7.948081529038695
7.815330723843912	7.876155539978815
7.826230806341085	7.842367466442618
7.807533436071525	7.835105639764353
7.8115986540705356	7.921230884933475
7.816778142920059	7.8085903009868805
7.816776022506884	7.8526415556974785
7.817158439416323	7.76511923332111
7.8161381144360345	7.839914528578229
7.812767736272185	7.821158701745776
7.816690504186935	7.777413647408064
7.819797132292623	7.7878653711816686
7.818715505019243	7.914891427465396
7.812987870638977	7.810080677977352
7.818913631301258	7.832858375456391
7.8219778060506755	7.930161052880409
7.821879201452731	7.85016375820347
7.809061754810967	7.8197209359068935
7.821798567914979	7.765875917844637
7.820367160022775	7.797992951235612
7.81455109256353	7.989211737752051
7.819578917092817	7.807425423052581
7.825349586846091	7.915209038829894
7.8180712887300245	7.887635522035542
7.814613632716498	7.886698145253904
7.80400912967271	7.906596469268362
7.81541740569158	7.90531237447015
7.821350453732724	7.791074788730304
7.8142686764244775	8.00500116695132
7.825259953823391	7.853443426580401
7.820075821956035	7.769484844050692
7.826193441395696	7.796370267717241
7.821139308070481	7.9930126829954125
7.808982239376402	7.915236687502932
7.8151220929918015	7.829966216568393
7.816309242732892	7.880888180088508
7.816066801032446	7.815420736865404
7.819037676288944	7.911596085170424
7.821318963928891	7.863151174228257
7.817643913685438	7.829454204800778
7.813910678581081	7.854578288327219
7.824536595744727	7.962184909492428
7.811488009340131	7.819242162393672
7.808565956302873	7.758459134207261
7.8165112731847	7.823259317280595
7.819800695814616	7.81395420034908
7.816487394426757	7.870411686900203
7.8100708448876395	7.874340897381413
7.819126558578397	7.898453849077672
7.811782644624923	7.922379792546811
7.817332521568274	7.889027021334075
7.817315135641337	7.882848012857026
7.812941034766662	7.678277275556001
7.818215725653329	7.8517838809199265
7.826317800913519	7.791802444100604
7.819250054697229	7.8901324705577505
7.820297576517911	7.808545370283996
7.811991689552436	7.774397384067859
7.815413488779227	7.919830674744665
7.813158602034952	7.7919513040947646
7.813457771556726	7.862886910598815
7.8175389375116655	7.892443610683016
7.813550288766286	7.8409232331481835
7.817893389771557	7.900793193057179
7.814135463367947	7.792340933126378
7.817254908653582	7.939953740099828
7.817315869458325	7.7718620688986055
7.81100278232867	7.846162812580262
7.813078978846777	7.761635411489466
7.812418690043177	7.886232520132382
7.817913226779914	7.814625895777677
7.815792533160163	7.922365314457441
7.825636279013448	7.809584580191955
7.82593787949634	7.943156998877397
7.81592240857423	7.753081417729611
7.812073086293019	7.878956574459512
7.8182190603072526	7.825756297041708
7.818619108863467	7.894657002010191
7.8081210039051046	7.7906972529914045
7.815291663044638	7.944966908317391
7.814320289097768	7.85995010868438
7.820079168970489	7.880193034115417
7.816250917565709	7.838608337133552
7.806749233940691	7.848228791505871
7.8185883805687215	7.820691082246672
7.816536373168729	7.830761536981738
7.812868688944979	7.789897556367076
7.817130632310371	7.886872499305669
7.822257613423093	7.911442016339253
7.814173210509106	7.890634561201401
7.816839368898698	7.8167782144320785
7.815315333148529	7.852614074727652
7.8251595157451295	7.922272638429405
7.821999986972609	7.896652338532726
7.813444623170959	7.946184558819628
7.825054624545946	7.8045995894864175
7.817518708360815	7.744210452426017
7.802886047526278	7.959440641272253
7.813218617544011	7.8395314768902296
7.814522063049552	7.97614271814411
7.8237838732405605	7.900779786654133
7.8127933409769525	7.847991107940793
7.823671515496467	7.794310287109307
7.826409639710579	7.877559633622449
7.818894252212938	7.845959778080493
7.819564396531357	7.807397123849319
7.819351016079292	7.883891534545226
7.811838473063386	7.863308348487256
7.817382476828873	7.907555803707615
7.811833611525303	7.81277153106017
7.820267475907782	7.785719139173511
7.814456813134178	7.767372468142527
7.813316361259073	7.827391813694958
7.817152900652203	7.872651903778548
7.812280175342898	7.857725898405448
7.816076829893248	7.846652408749604
7.8129633909296405	7.80070947786619
7.811810233394953	7.945538513549359
7.82130834022184	7.884660344112248
7.821667557727059	7.867574365625778
7.813709357733713	7.909053912753232
7.818539696795726	7.974582914428697
7.814197440878153	7.8513682594265495
7.809521623097205	7.796960837389533
7.822705861437052	7.759566264854364
7.814163047427294	7.844586501125872
7.820232879790714	7.805249727604785
7.815902680448691	7.902342681255926
7.820439785972432	7.820706410704686
7.813996147509202	7.858731485479644
7.81770083767302	7.818624584985349
7.811540844738651	7.782451147312791
7.814100319000939	7.716818709928192
7.818131082365406	7.741136696889787
7.81718676549556	7.886344262952094
7.816150740810219	7.833362863540459
7.8255478473038504	7.99383256709967
7.814427243257609	7.898501084209406
7.818133401941131	7.800491612263811
7.820957014153568	7.861357076757073
7.818851848462596	7.946905613869519
7.815938993393667	7.943734629260438
7.823770543369018	7.883602566116246
7.817402664880522	7.874674409128062
7.817401448912971	7.734838084791178
7.8169572526415845	7.875553930312662
7.807743810409957	7.783936937981396
7.812789646421024	7.863365180993032
7.816737790969119	7.877225821165655
7.811581500787793	7.781485042153055
7.80940489164661	7.873213153367931
7.819197393583602	7.837518441807932
7.813426394187292	7.895903088249864
7.81490231353804	7.8362047199336144
7.819947159803262	7.972260786877033
7.810734644955526	7.839074000544345
7.811112593460998	7.8885909122760145
7.821112540010066	7.846479420490468
7.817681012408094	7.879028002272107
7.823395576235833	7.919097435724123
7.821557334146614	7.820885355102137
7.817978968539464	7.821329393319911
7.819112909192544	7.9082506661626635
7.814093584936234	7.926787568633907
7.8164622511314485	7.84026966318392
7.809975590427747	7.852311718948036
7.814043650357069	7.869380001112901
7.814970705337053	7.805072934674215
7.825743741680758	7.904536295703619
7.824057353963698	7.731013776313181
7.815689477032767	7.835084847795747
7.812873869241397	7.763595362225394
7.811661407620743	7.86806059985947
7.819509306632592	7.893771930736669
7.811627962341413	7.829957828440831
7.814459664687618	7.907624515004724
7.820251600600742	7.968411691901395
7.817683302401462	7.805035928052073
7.819881858946783	7.842220625760576
7.82388108494312	7.7963436779375925
7.814231437736333	7.871753494466606
7.816949871353905	7.852054498250812
7.816832078682729	7.914660255315648
7.817699028772763	7.85466346505918
7.812534261615658	7.898278913593342
7.818696498451131	7.898922644288215
7.81872842605827	7.910987506905202
7.816220804168078	7.803722678941111
7.81688865883442	7.844768935591238
7.816107766861736	7.900905721646995
7.821966698919444	7.801988506259937
7.82088539292018	7.87102410410523
7.818531284309021	7.980375679996882
7.80962682320128	7.795792539684442
7.80968691301753	7.736199765536626
7.81891571404583	7.746862578489579
7.813097238889063	7.830582605502942
7.817653897977836	7.7636405603319085
7.815077474622261	7.82316773753808
7.82347742319813	7.820069700887817
7.829381974593131	7.8816493401862875
7.822529925324382	7.877520306221523
7.822068202474151	7.952800201670755
7.825483736682683	7.906920999283495
7.814588126890026	7.879981495511174
7.821924292465685	7.925417818078799
7.823303990468846	7.864348019665194
7.815970256652366	7.901129853301637
7.81973222611892	7.799880293910683
7.82161722876861	7.7898998400716915
7.8170650728030795	7.898015597374394
7.817440466689643	7.8034271468048475
7.812252879840354	7.938544671509651
7.820540214672307	7.78635572191861
7.810272493276295	7.8564183484335315
7.823528290086521	7.883880086759056
7.826799770638594	7.8585346012958865
7.8123877258801535	7.867308331872227
7.820589144421269	7.963898031106303
7.82055850687428	7.958282187394299
7.814900304126589	7.9214100370525475
7.807758018331582	7.870789338253893
7.812145080005589	7.9919430135298395
7.815665453937538	7.8895082656261915
7.809757360156228	7.845054201405793
7.820348465294865	7.806504459534238
7.810038588701615	7.788513322902601
7.80893488610177	7.943861471265302
7.811180056456457	7.850663175327066
7.820352168592921	7.883155613947588
7.812462108571523	7.921355239395308
7.818728578507162	7.872610578047404
7.812604743559123	7.840104357963888
7.816278695149977	7.839954834404916
7.815556408496126	7.847800983211594
7.815131901075194	7.833291533243643
7.811808358013554	7.905647339911721
7.814256816417704	7.882882580649224
7.817656489046502	7.87545126110974
7.815962681288965	7.848956886928117
7.82325029412755	7.7104491057770135
7.818120575800296	7.890623746678615
7.814353007114149	7.77036742144317
7.804063227672775	7.891750895190114
7.819723179045004	7.9429113921293135
7.816762555619175	7.896170691532903
7.817833964991464	7.875598981769766
7.81326120289591	7.9894921980386595
7.819355118446129	7.807520463182727
7.8122478764550225	7.844917315656673
7.816018084311974	7.911504713126028
7.804757758631371	7.815278862238525
7.805956024461257	7.953859372512236
7.821745627845786	7.75372204490143
7.81084156207339	7.8021322227527685
7.8177567065186295	7.834125750499337
7.819267424934496	7.889347978185569
7.812855984635019	7.873403582804394
7.818936180047344	7.926707136881883
7.8143306174888325	7.88491703567284
7.8175556718077495	7.84162826965789
7.821429029726999	7.847226391633184
7.82013059312965	7.801684901023106
7.811020998734845	7.878831746278008
7.8219353957189846	7.858828320739858
7.817006221320927	7.901472792562753
7.816138575554495	7.917649670214843
7.820707435851328	7.826285851497038
7.8213642007083655	7.892743351146555
7.816859254387043	7.782285969999295
7.8235068679177315	7.828486653663125
7.824998513671928	7.84019851800315
7.811950456158898	7.879058287716328
7.81492606489704	7.924426843889971
7.8207099045912924	7.921777300740722
7.8184100756326265	7.817827220859472
7.818942991388961	7.9152685852733775
7.81532473451012	7.825082384228728
7.8170902282314865	7.873699869050583
7.819209842322851	7.943570280339892
7.817516777389188	7.910249665265159
7.819011669151819	7.793028558682969
7.8185249937711925	7.811370374421876
7.814733629149491	7.892595330293329
7.821276280334742	7.90767463658819
7.815389213134231	7.938351848629231
7.821373031043946	7.817802662597653
7.811619495130813	7.781125119778427
7.82136803734082	7.786890834067749
7.825356847264193	7.8375316778584105
7.823702211378235	7.815718717352844
7.810639040520802	7.860682849321391
7.819760579788218	7.8811429983658945
7.809575373026534	7.846781755012316
7.8187337988735095	7.781520476238316
7.818142811709156	7.832978610058277
7.8144232158979525	7.8333375717021845
7.819996097886241	7.8975374910203655
7.81821584036653	7.83049268916339
7.814109725369631	7.811250675733082
7.812139320402846	7.888882681790646
7.815653496721262	7.83663030065775
7.805311841559964	7.80862217834069
7.816278450933306	7.913424493145726
7.8142407430286625	7.8934464273086435
7.814991912617102	7.840918704061334
7.820198733224585	7.838518125225729
7.826217611019141	7.7892960625689245
7.818588840391385	7.740503554698244
7.807197329192922	7.8459623368171085
7.825577174545685	7.860675954958713
7.814323292056833	7.831221608583659
7.822279655475184	7.893875837975518
7.824414645591352	7.86385692407186
7.813074367867581	7.86624932643837
7.811618918665293	7.925636992864379
7.812553497625374	7.879930279899056
7.810547306513374	7.833959083821009
7.815797161223152	7.806004367529805
7.824955029917789	7.85842640490422
7.820917530002182	7.888027740136309
7.812224557926507	7.8727823718628605
7.822133780215153	7.841848152919709
7.808999580131061	7.749867115624295
7.812576488412603	7.920062609990849
7.823640604605441	7.859819278888661
7.812052796348348	7.890708949930041
7.81663534744016	7.799236374823172
7.8185253939374935	7.8816763972638935
7.802625056107615	7.839946059538359
7.808140033590905	7.9999323262134165
7.814629758286597	7.834477266933687
7.811729602910367	7.899714614200859
7.8279682479735975	7.962409408901869
7.811647431878961	7.842053604011388
7.82981430168666	7.838969918410898
7.822160529930383	7.880867571484016
7.819487523352912	7.979874053579107
7.818769561695519	7.846420058725324
7.823825750096697	7.9940611295454564
7.8136888677616945	7.830876647174464
7.81762864120387	7.83619237337661
7.815190109900767	7.842652936902103
7.8196299460014185	7.724357321708732
7.825024747043487	7.891580166710438
7.819087086793881	7.813146367485345
7.824656699421906	7.922539586361848
7.812248833258422	7.845799809341741
7.814564638574322	7.7984050712320325
7.818720517430204	7.811679692409394
7.800981735088468	7.795235614063039
7.8167558236841685	7.85227557249458
7.815603247221464	7.8363662129963565
7.81600025724967	7.855722239962492
7.818603088328516	7.926509713332384
7.823736744135268	7.859056209996586
7.8216491718199235	7.875005536439389
7.815230255149477	7.811293786717091
7.827803722155656	7.910715231598828
7.824662786031773	7.778743842291186
7.814051155488399	7.8946136049869615
7.8121795803989915	7.839203325456839
7.812865677856722	7.802990746313643
7.823428302678594	7.96284127952642
7.822875141166251	7.855322806086383
7.816432019744656	7.852498852193994
7.810016476898603	7.771057987877518
7.824312180720341	7.854461389710645
7.8126176524798465	7.901301957974478
7.8111093377727725	7.8371062329079955
7.821133187066018	7.745217523273741
7.818586099397441	7.832485570410092
7.81627378897557	7.8250590744132404
7.825073444063024	7.932232107098377
7.822362371522247	7.758210392962531
7.813615881477474	7.735519189266311
7.812665432590173	7.8732986365270134
7.816945046681904	7.786075422741041
7.814130267367918	7.828381258510477
7.815121450116133	7.832475387759458
7.816304145397746	7.8973391550665095
7.812687216625381	7.950991543375643
7.81225467347338	7.883979489054588
7.825744645985929	7.80423976998466
7.815099552809678	7.8186929728452785
7.81694987490353	7.913477143057831
7.823503537493726	7.897983497441591
7.821162484649274	7.873551153178348
7.819791110807976	7.885569225991531
7.810384733627463	7.866285682008144
7.825675461016983	7.789243363123361
7.816580450813136	7.819482235018456
7.811048272375764	7.940521457678559
7.81828905350659	7.858829938784638
7.813812250527825	7.738304808140066
7.825078186200308	7.948891135388941
7.818289181645662	7.913797756756326
7.821131610235803	7.958304357369833
7.8184650330335455	7.903610672222721
7.816050671029452	7.848439356678721
7.820722612664616	7.785128533299516
7.8199015572737425	7.862549877688588
7.81312669880695	7.847947063345125
7.810834183448507	7.790544095947569
7.81402653383178	7.807619173254519
7.8085143927028104	7.818592223737241
7.816856950103866	7.836071754888912
7.808531760932403	7.851775238522915
7.824455051879387	7.8883591411604135
7.80733283432487	7.866939897955255
7.816810844089725	7.819986211010338
7.821904074629892	7.836167344809479
7.8262761998801755	7.900558867692273
7.825895526796071	7.877882398275349
7.82445465280263	7.804791927586732
7.8160102823552275	7.823666222531628
7.819750364693444	7.909587302977306
7.816728512129684	7.796862312910498
7.821992975166583	7.781770286739739
7.814251714903435	8.023702101494989
7.820520571218235	7.757234655951439
7.811963516798726	7.885659854604333
7.8143121135930524	7.807808791429744
7.817714146575944	7.926756456745325
7.8131124456651015	7.930611690317229
7.816723835874443	7.9555382381638164
7.818841094192767	7.844949586193494
7.81800796509397	7.866223825828811
7.8078077953608345	8.026567905628777
7.817484142874648	7.7261945576562905
7.816232791924438	7.831763011743867
7.83339025851775	7.8309032476122615
7.814319971038522	7.86432855206155
7.821304881392519	7.913827464042207
7.811237940707538	7.9063010371693885
7.825067191795801	7.84207311808383
7.811742034455558	7.791758628101588
7.8253636943618705	7.776774734315235
7.812447074078453	7.838372931701362
7.815334898443941	7.820567896556237
7.81921099486918	7.795046919113706
7.811362772006064	7.924507407242731
7.813487186443983	7.835323265050512
7.820032651663455	7.891538589996241
7.815730993825168	7.896599170137318
7.818987795763739	7.947494788300799
7.8121640371847505	7.842510128050814
7.81236366073793	7.896000440593187
7.811831962896695	7.856735591319704
7.816189784582346	7.933999230535655
7.813822107460513	7.8723480414907385
7.820397635963912	7.882366944055404
7.8114264085170975	7.833786066617488
7.816193975315031	7.808691438818117
7.823063168675074	7.82344028853335
7.818452836488652	7.796367827609212
7.81954434982964	7.888948228307669
7.822857814933583	7.958854141776074
7.813900467500924	7.7930425749225565
7.814843988137534	7.822280964380472
7.821194878252981	7.913760177946824
7.822599894025774	7.922847326279382
7.8116111410761295	7.833938786722679
7.817386664463677	7.827350305946403
7.812837834009373	7.896964106689113
7.80816324133328	7.803359030635451
7.816225104147164	7.829174868988926
7.816262797499611	7.765547634046344
7.8202179364410895	7.899981157424128
7.817114009918584	7.819371343039163
7.815935990709638	7.850105500173312
7.817430160456001	7.897534846773066
7.821435135336236	7.877802315691517
7.816027288181767	7.8221736941536335
7.817701026952564	7.819133453303608
7.823803485485854	7.779806358550772
7.826962043089971	7.817674542541757
7.82379442755521	7.815678862594402
7.8148303307413265	7.893660720686176
7.814126413655612	7.84374557027838
7.819006617356109	7.851628993545169
7.81520699668434	7.785914363904495
7.815280387431626	7.7704756469476814
7.8193735326077265	7.779657466712966
7.815466987547766	7.840735890504655
7.812293443659741	7.811518097829984
7.824405070462039	7.861606787663029
7.815463708102746	7.863267585750934
7.826309397611303	7.889235183600278
7.812514668135336	7.814438384834843
7.807513456806499	7.858700161688564
7.820384335809776	7.898950422726554
7.816081598772719	7.941181015958332
7.81461457962095	7.882513729778636
7.81985151492248	7.862870156204066
7.8216242477580264	7.772796970786804
7.819813457627429	7.900444912607961
7.822806924613832	7.8235616212871415
7.819949670447324	7.851626762262638
7.815926309056552	7.809168813958729
7.81323909883534	7.8778822343827954
7.818434743385959	7.7515997178974185
7.81426973471085	7.885575001723515
7.817848551142437	7.874878193175314
7.810443100584612	7.7518370265136785
7.8246517202343595	7.834169957250255
7.812366627589782	7.757385982462941
7.821011179610164	7.971574527971049
7.823513446277176	7.834546315713055
7.822427126065942	7.879353242386022
7.812948876315771	7.840799469162787
7.813949342598278	7.876748257191112
7.804857738871192	7.781207668571585
7.818118536455387	7.879442383351753
7.817185241689591	7.882483845667971
7.816290506823414	7.838903211912704
7.813474619948408	7.9192655844853235
7.827191853207667	7.9610652933552695
7.831012040381081	7.79453148645617
7.823637258176822	7.911100324130116
7.808591935027973	7.8486315169784975
7.814598025110152	7.766841807407559
7.812809199413807	7.909130822729423
7.8198674255394325	7.859607897703451
7.823306513096107	7.937852766972434
7.803197384097488	7.8379752398516604
7.816623989717041	7.896903175013605
7.817808999754871	7.891090544139901
7.807192147685519	7.8970019436751855
7.82032321135989	7.859867961535193
7.810762251106441	7.839538471250678
7.81945107699359	7.978186740980625
7.819046956812402	7.869249986819769
7.821036635522262	7.878099344979363
7.818612074994719	7.87787028049612
7.821809974823374	7.781373983964507
7.817350621940441	7.864758538169932
7.817526950532488	7.863992001795685
7.81840269000001	7.803993233768782
7.817551742778297	7.913312325504416
7.824500591974107	7.987125350643048
7.81383820031241	7.891387635084564
7.80598557557462	7.792320471910224
7.825262876338227	7.85622217435927
7.816779586372135	7.910921606819429
7.815859714289667	7.914187088920984
7.8132317398193925	7.883821497669122
7.812611504145899	7.7987002228132365
7.817393655293907	7.845865389743838
7.808929340441075	7.92621855567941
7.810140935113727	7.905591047803523
7.819381195580592	7.81493569588792
7.826569301534278	7.803572180396126
7.828139987746356	7.89697878744352
7.8069702620306485	7.887320335839339
7.818386240289482	7.854018951967855
7.815228058236295	7.92601326729528
7.818439585682537	7.916397540908589
7.814906162390663	7.863817478113381
7.82307910248056	7.896170454043436
7.811185319347093	7.828115001448087
7.815039944984708	7.796474025951523
7.818341465371575	7.9274986385399835
7.809830160070731	7.825809955145635
7.814972834106189	7.904584183445295
7.814762564130179	7.765991828490251
7.81329045366215	7.78358140865452
7.820415826431725	7.838761458793843
7.812644520269414	7.91950058209474
7.820710064655339	7.852636956990053
7.812507672665658	7.842361927031878
7.82281397809468	7.784928588431643
7.814523082593435	7.8949674189745265
7.818806134550641	7.872439837481683
7.823696295481526	7.887996823629504
7.815955558514964	7.899525817404563
7.814261765856376	7.936964276745263
7.80874056613777	7.869021962036787
7.819361558338657	7.844784967356596
7.818822542003904	7.798465202159431
7.81215960324024	7.8711709206263265
7.8105381728160035	7.767334107552992
7.816844066155468	7.862863725379414
7.8208772184020825	7.809661539932538
7.808006596135629	7.871271336465857
7.818530237501236	7.856825373895858
7.812598012205713	7.836824580989433
7.8131227763282	7.872386859344548
7.810975675226534	7.913111079733255
7.81562049822146	7.8806011646696446
7.812078176712607	7.935004491876312
7.79997186829744	7.950304803738035
7.8161671874201915	7.860167721544201
7.820989785457111	7.910865464627346
7.810359550761265	7.824086653103847
7.815676445831381	7.866891617200623
7.804543279012052	7.804223350404045
7.806064258731725	7.863355762054076
7.817749492416724	7.83618184925598
7.821643426536423	7.874082963613752
7.819671000509099	7.82487997266555
7.816998112640303	7.812557258021595
7.819494866149209	7.800378060433564
7.806014994128378	7.920078453564285
7.810579049329802	7.806256934847836
7.817401733216762	7.982851936860664
7.812565218436434	7.937930158766799
7.8143048711045715	7.815097903796677
7.821750805348642	7.862279452440519
7.814929882847977	7.862080635428811
7.818342190115153	7.760869872166385
7.821321723700121	7.8339254825322024
7.808765838220599	7.783324873885292
7.820290182382056	7.790516567974001
7.812227665185475	7.732513566577598
7.809727111561	7.835692382502799
7.809167266567413	7.710535785302117
7.814353000492532	7.930646049006436
7.819779391303401	7.857841072404854
7.812680719024181	7.903240116534314
7.8256365016734	7.790139340989291
7.817756127159535	7.861529738485534
7.818888597730717	7.9081767023093255
7.812256849619072	7.868520871821797
7.8123947769074205	7.868601183315945
7.811268481806494	7.778137834681335
7.821044418863163	7.872439423204238
7.814909557186276	7.851544426517251
7.812210214215518	7.827050445234467
7.818911896425778	7.873507852247027
7.81859557238551	7.812046935908319
7.824572599045207	7.86104483382227
7.807353646643594	7.843572701821483
7.814335470564618	7.930201694626722
7.817975916145847	7.807215478078326
7.810713213194518	7.922675513971493
7.810447637163269	7.845743345236382
7.822233454192084	7.755104309922471
7.814161978703154	7.865928486686034
7.819669458770065	7.7312422247892005
7.813229531133907	7.866556078609211
7.824018141888373	7.791983478136542
7.814400151930347	7.877061616403472
7.816373485847505	7.885014130265598
7.81873797190982	7.813048815369697
7.808870980719659	7.8471204499913485
7.810526099460031	7.933482104301141
7.817424367859708	7.954395922883857
7.8190671168942565	7.828397388362677
7.81043624700726	7.841159396237453
7.81832697779545	7.771029182870502
7.822250960223876	7.885042592543765
7.815154223577846	7.862674406817666
7.815553089171575	7.766482311508298
7.811056812329506	7.8832154603979525
7.808824599513857	7.809599205834444
7.817079862693926	7.861999018083186
7.8182220062418315	7.905676924174613
7.814273082863362	7.821152641962841
7.82054334832918	7.763697058575189
7.822672872280038	7.837125350399782
7.824146533256267	7.8694844336970124
7.809378106771513	7.8913015477335815
7.8253613771682655	7.899295652740617
7.819137466013427	7.776752010507947
7.82347934370118	7.813619943801491
7.821552103834472	7.7751925404600275
7.818042923414115	7.7761437045852935
7.823260175817825	7.820320920619032
7.817810154945812	7.891508950330973
7.813058061519713	7.823844803269803
7.813672467575182	7.878064610983951
7.809792295644804	7.868496939625088
7.825097013772821	7.930293853303329
7.8255729162692855	7.738400770002253
7.811820990273167	7.829966705008457
7.81567100732644	7.965388730662203
7.8203729761184935	7.916749040025513
7.806910407389502	7.850555269375662
7.8192662010908665	7.838201976989515
7.823770665200048	7.75156754714317
7.832636424355401	7.981761783403646
7.823919576119259	7.800841316341995
7.815593617851494	7.90329921793832
7.817676446870359	7.897975989892937
7.826511845835636	7.902477676906475
7.819933760632262	7.891595728372999
7.817908412614644	7.8493401653304264
7.8229843958528384	7.849862788998374
7.8105669644769	7.7998335078568894
7.820704218909432	7.782292445065755
7.809383499469025	7.822525520194296
7.829928958028421	7.834568854773396
7.813884642808784	7.809889832144131
7.825358128807988	7.914652054413813
7.82100620338365	7.828224876049984
7.811623624623534	7.78915159174172
7.813438622517962	7.934608864631731
7.81332651497007	7.827905934741925
7.8122286835589865	7.882141786281044
7.81471533887849	7.753984086765121
7.818483151235947	7.853630893265842
7.817387032543715	7.847439970424578
7.818340666434345	7.864963896867698
7.817903109508496	7.896852467045273
7.810082300462968	7.81878019645915
7.817315031708705	7.84183790775338
7.820280606769522	7.821958739473768
7.820415318907529	7.939573541073004
7.807229798987183	7.827948005530682
7.818104410742734	7.929474791437654
7.817929404316057	7.971558556982385
7.8276289291680445	7.8472598102323765
7.811177729089494	7.782546547031761
7.813569551277463	7.891061897061101
7.825356452866354	7.8427486535436035
7.81651267394678	7.812642325561248
7.8147876459027605	7.816811888093947
7.818587433507776	7.848445709331111
7.809438724083025	7.904104628380219
7.815344112884379	7.833285710005888
7.818161063604428	7.7900082493732405
7.824780047185757	7.895177134695995
7.815175287842593	7.851589332566372
7.812041343853953	7.872924637625673
7.811466060013363	7.797549355941778
7.815795920027804	7.762940173588937
7.809137818703489	7.717974134081116
7.822472374876146	7.904536985620717
7.816149755162764	7.767406474235277
7.81781056176946	7.862302349820215
7.8189123960530384	7.864314862203132
7.8180581250675605	7.959893102663906
7.810418343223661	7.807647826932955
7.815769487028932	7.833995005579227
7.813621973747949	7.882449372259378
7.814834967396907	7.817533977202387
7.819242388784402	7.807336061611659
7.816199710914643	7.8220938354286105
7.827037059952154	7.9849712045926
7.821368571156496	7.83525251794724
7.818950400767267	7.921859916621228
7.823916423274965	7.793478133598924
7.820422120658968	7.887166623233779
7.813160837720747	7.870222052534233
7.813988383867358	7.894954021258227
7.8100392411102995	7.841678952286142
7.8090927144064874	7.840858377794882
7.8109164384585235	7.862163455452323
7.821406829362068	7.877586283112557
7.8225317512559736	7.742390717068022
7.821726782078322	7.8990044702024225
7.813483485769676	7.969830328758562
7.814062033466644	7.812121533643644
7.818789833767433	7.812135635882674
7.813152147141691	7.858433495320932
7.818805924961189	7.81310289262057
7.830167846338727	7.799565502875366
7.811748934808328	7.895560311815866
7.812983517746035	7.993433387462656
7.808820340387122	7.773610080026509
7.805804276950362	7.874393927744483
7.809008082613718	7.806011292223448
7.811240696926132	7.946026860680637
7.814105324770176	7.909761688704552
7.817221846598359	7.863611314112634
7.810714896189749	7.919556373384135
7.819165794099913	7.850327314811386
7.809529520783958	7.751153041471242
7.810198332524724	7.833108810297214
7.81046169458305	7.842541829617623
7.8115019848676885	7.909279897998975
7.823159305177787	7.808626282760046
7.806058426637298	7.833020479277799
7.81462711895481	7.913531310510571
7.820469565522344	7.939740693470092
7.809258428453097	7.824412958702265
7.811744612224273	7.872411965934384
7.810327853081045	7.82668774529709
7.823186800662078	7.944179125555472
7.8039365747311535	7.87749958859191
7.807153814726265	7.770656321929817
7.814688848791147	7.831976224157797
7.819390099508502	7.888210900880819
7.822596179831444	7.9383882799875956
7.8195629609016075	7.758066361589072
7.816091321495763	7.887032479259263
7.826835781090827	7.798710926405008
7.813708061867036	7.877810973480303
7.812652976285078	7.73215394466574
7.8196298748205635	7.838084859736465
7.815918455806263	8.002861358552481
7.813122944771038	7.770070559301726
7.809451414024291	7.859654008547108
7.817888076606068	7.907926832627566
7.814498574080072	7.789603844097745
7.814596537909334	7.899093971753151
7.817480883842006	7.874984167530933
7.815609821934111	7.886449125734462
7.810941721106358	7.811186807171488
7.815637640865358	7.956283481013839
7.81603798443392	7.822500651376143
7.816158394153373	7.855150103582269
7.820556315060348	7.873202330442083
7.81298815975105	7.827983148322583
7.818894462459366	7.889213603679309
7.819037237643727	7.861001194287258
7.8186189541474	7.917915362354083
7.821219726530978	7.880575304183013
7.817375257157206	7.860279397136151
7.822639569589403	7.914293717461482
7.813534557195291	7.867688922932095
7.807519155126903	7.753291067430176
7.824311495414489	7.885800491368209
7.81109000392857	7.888330718955825
7.821471484648429	7.794566479559035
7.818753379006107	7.90618721137237
7.823104974779899	7.8811169994003905
7.814295066652048	7.814472106773876
7.810720075547043	7.923917077235812
7.810878405162419	7.968936437123025
7.8136687846781205	7.877830029320738
7.825970311266002	7.856673204563498
7.81369948907947	7.855978504034925
7.808577081447796	7.901209005863872
7.8199397047378305	7.688535264896358
7.8123286584439775	7.913387583187235
7.8129296424843675	7.753870783947021
7.820352980248213	7.889129688803763
7.809309998483614	7.939226142053416
7.810935867897407	7.855871681088431
7.815419526549439	7.854536300129747
7.822172441445658	7.85208724209668
7.80802573364003	7.902633497230794
7.817888866931089	7.878846421927781
7.820454101478396	7.854521622169206
7.812825227851585	7.8330057558189115
7.828927751585652	7.9016772199199705
7.816938321673509	7.904743938181911
7.814793226714234	7.946941719317374
7.811780976068345	7.908741714010574
7.817775312534483	7.976015725425173
7.8139125296764735	7.8581349335378885
7.817663406294421	7.804293633499195
7.817248980407747	7.843366246162624
7.820306519947114	7.88060373055733
7.813745081847628	7.883960154957465
7.812401117007273	7.89400563523654
7.814018611097183	7.932034611157999
7.812482405110724	7.925711131724844
7.820039844714621	7.895076574897442
7.817570051297521	7.839741530764508
7.814881406457461	7.739616428839777
7.815913079198862	7.853620323983181
7.816603444536316	7.821617968755512
7.811693411734437	7.889939467832897
7.820257757241958	7.872076079931263
7.81087797045282	7.955371621082243
7.820863886373995	7.884048497354673
7.824634496889526	7.834772801766685
7.81800326701606	7.846607615349312
7.819661281152906	7.859245573249447
7.823983645364878	7.787921398041136
7.808674043673827	7.852280927762214
7.813003433384887	7.804274938748555
7.812303277671443	7.7581663387734805
7.823662663970072	7.938114634868277
7.809986073750151	7.80594918593361
7.817636604397299	7.8933968969634325
7.8171568476119075	7.781074953439282
7.822397432713666	7.778469117330503
7.817360546958667	7.944333725505363
7.815879557107659	7.936478087882733
7.817858888966878	7.775191316054103
7.814885642504627	7.877956616448295
7.814638959240818	7.905402927515466
7.811326611885806	7.898078091876025
7.810487200604543	7.825030237371126
7.816205760365083	7.86386477326826
7.820119946263716	7.854042884561958
7.8159984491948125	7.8092688323006
7.822457444743011	7.872337605786262
7.829441026737813	7.890547846667084
7.813712266923951	7.905364233903622
7.805597641447306	7.896213560149388
7.8087038465664955	7.870093789642524
7.80769275437451	7.861203622343669
7.806020116021192	7.951785946266168
7.806229160462132	7.934046597300047
7.801802392989282	7.926033599610807
7.823613520145443	7.913744035202026
7.8116864058842	7.78666464651737
7.811999243701168	7.90265952624895
7.819883579757987	7.794183162578122
7.816256525962028	7.867917853995778
7.8084720792200475	7.885635844010676
7.825943485994049	7.815391865582118
7.8227624977705705	7.79631979127539
7.821241260038404	7.835659703409314
7.815593723343935	7.865765200324063
7.8124185987065875	7.856247616488278
7.820340479296075	7.748156710163302
7.8055021331444925	7.8237689209965255
7.819122580754185	7.752610559684157
7.823364224984527	7.9284305900434635
7.822898268643318	7.894032796460501
7.812001084084402	7.803333691498637
7.816719794223364	7.835534259097552
7.816214766905439	7.838362142309309
7.817624446102324	7.865735164637029
7.822453562914535	7.8348660128857315
7.81937031969227	7.75309808459441
7.815735402533428	7.7880963965708645
7.813637596924763	7.912346546071207
7.828326393036576	7.815933392440124
7.810861471965144	7.848368115409863
7.823273548545583	7.9222578918662565
7.80284519110077	7.9101498193011
7.8183187649863095	7.967723627537541
7.813465798276168	7.948562553522649
7.808420704888369	7.830462387723502
7.818228455288951	7.9797741850491315
7.8212599423171305	7.912893279740788
7.814576323393069	7.896908947101123
7.818613225562426	7.763425423461753
7.814732854732841	7.950209800946333
7.818092887442272	7.778688212122436
7.8107039441717045	7.852894187654032
7.8176663999594025	8.004931063041143
7.820886672727621	7.801114257129782
7.812571015539875	7.841556743744424
7.809264023426478	7.85584228113069
7.822896725188575	7.926077606082676
7.813881616560265	7.831313353967088
7.820174455449357	7.858507646629677
7.815137301489967	7.890592773497223
7.815189918894	7.791470963405243
7.815374329327169	7.85335972313704
7.811399041724327	7.950576820901817
7.819266023217947	7.8191984097533895
7.811167233816232	7.813722275804812
7.817374334037238	7.873437616369549
7.810449269275996	7.786154483610565
7.81920019191253	7.825368854171247
7.817003844333972	7.808656847453439
7.819478322499377	7.793330993099835
7.817018840632515	7.857011852434236
7.809763722001619	7.889093552035299
7.817914023528985	7.91398564183642
7.812459208126426	7.922490705325945
7.818263279282263	7.762360975871967
7.816068942658068	7.898547329128702
7.814744251705992	7.826796358547458
7.8192947925822285	7.879362530604877
7.813429830848837	8.006653420109181
7.817963014503213	8.008904929632124
7.812066224409341	7.859017982167977
7.82363369994333	7.829723101767957
7.822418226715259	7.798298873508868
7.815798890271839	7.932524929410244
7.82373835170387	7.925615538069476
7.811682645111651	7.8517552922294165
7.819445284984321	7.926610636513048
7.822005039050271	7.745592936436669
7.820378844356817	7.7500528727648685
7.81705623470133	7.853115678844856
7.813995811023554	7.848476737884395
7.8200958435817265	7.846452404774318
7.820392284754834	7.835369660754195
7.81443709955177	7.877160069732082
7.819539706232334	7.838387711024342
7.812537727799557	7.817845752849721
7.815561017119407	7.846513779801359
7.818030243007311	7.840332846932438
7.811516614405952	7.825593148474675
7.8066694219412325	7.894542367538843
7.820849929346609	7.85780955806141
7.82429885001084	7.8962656933077495
7.815545421171061	7.810440436671134
7.81749687303649	7.8808607963390855
7.820564710783685	7.884307437624396
7.82279708049088	7.897013316375598
7.817925057304028	7.796142262497162
7.822333190338496	7.8785537214609365
7.811208580870277	7.847387456202852
7.816446987723356	7.81762171456832
7.816516014052704	7.792727722700194
7.820420540237583	7.73504093589671
7.8227880556223175	7.926719224026339
7.809975309016059	7.818296712680994
7.813386465447598	7.852898745802768
7.811128234358247	7.810373813728096
7.80861269948456	7.798198989454727
7.805614579009116	7.887168496754613
7.811365300434745	7.8797020854286535
7.8088124972115205	7.904609146792261
7.824180364425679	7.827285736741996
7.8266855143365905	7.957498320311904
7.8201091306156005	7.8356072737031335
7.836803615641399	7.837770616305741
7.822390186838508	7.868554076051221
7.814134899848426	7.7856059288019965
7.817164650941019	7.896466587210752
7.814561329755666	7.847740703542049
7.813019852250578	7.899989874142189
7.826203864365062	7.818063576071306
7.818017338529839	7.894449517812595
7.814601735154029	7.86944162536438
7.813372633308549	7.858926561781439
7.817753857646699	7.830373491432038
7.81123864105256	7.806434970926677
7.8170611668192365	7.820064525723429
7.814470404123257	8.02339197447243
7.820678977932229	7.832832481033503
7.8161509270245855	7.797573491440231
7.8218660764165175	7.950735988776542
7.816444974934935	7.894870175355437
7.820230931238204	7.867482171197147
7.822392289266946	7.69454524783187
7.8180710732021215	7.802051368824554
7.8259896779368905	7.876365979777459
7.813960022150287	7.799279609656092
7.825394320850574	7.831739799619654
7.811979593853037	7.806571906712979
7.8255546703902965	7.884344937470132
7.815377921107262	7.866597882055745
7.825096239548572	7.891888292727627
7.809255823215999	7.75146131807615
7.8156495823003285	7.816635823164454
7.814722669517784	7.7555974824889
7.8162880220973365	7.847130271273583
7.822909127781315	7.740501744210817
7.819107055175842	7.823372004095552
7.8167720376861825	7.715843709583298
7.823086652504637	7.859164799145548
7.822643641063088	7.889142489703702
7.811555289224986	7.837225129503659
7.821088397974511	7.875617912618948
7.815287651218182	7.889440116297401
7.817931895490123	7.920744783671015
7.818220160908092	7.795411874570705
7.818024931601928	7.7994346621528825
7.808565787783219	7.9687504276455385
7.819904745127432	7.908462043025266
7.819241457314768	7.884230468928128
7.824017897250339	7.882072020608265
7.817556580881612	7.893137028058407
7.821408611164831	7.963641790325827
7.810067771629118	7.765682295838009
7.816596054377189	7.786308350967624
7.817493042927529	7.796841177650524
7.811773159230856	7.849914223312686
7.817761153003124	7.8838479908026695
7.8221660496837	7.850774669998149
7.81823033902117	7.855954889415611
7.810749001116454	7.8235282507059125
7.824416792510675	7.8676539067177265
7.812254240316724	7.855139564157482
7.816323947596081	7.809507110688799
7.819172188018645	7.90230203885537
7.814122189001748	7.790952075805424
7.808065115221178	7.9769548086634146
7.812150543420417	7.796659019313422
7.815927562005077	7.817169249016757
7.818602394816327	7.789887850229491
7.81475207064321	7.848406490179615
7.820262575934449	7.891166894406048
7.816765607759735	7.845869874821952
7.8101821181383055	7.9159481118053385
7.813867127429759	7.786013890548275
7.827462413885888	7.889317722201498
7.81994896013071	7.927690145272076
7.814492196065128	7.847333733278427
7.824117780906641	7.898210489243932
7.8214964539377565	7.8965593848941715
7.81242838594075	7.803774870649166
7.810181920929002	7.724494691183188
7.806848221047052	7.891403584946014
7.817135782706975	7.816582702508503
7.818727211705865	7.787764884481035
7.811402078908941	7.856348532127873
7.824046423708831	7.802310351206093
7.811037796061086	7.829054085272134
7.811416348875137	7.836172333414873
7.803258023216484	7.968665322930463
7.815289300333201	7.923749539087885
7.809777876960473	7.8287431413120485
7.816056805898875	7.77207448650203
7.8187291349613925	7.83395328993214
7.8169321786540005	7.790472206763859
7.818988137124603	7.874707533096954
7.815431200940491	7.903362154151359
7.812196626522097	7.8440549193669815
7.813576370115542	7.872868455075086
7.812715408936194	7.886654003501259
7.822706510150338	7.860504830815067
7.812652039885836	7.898717234304042
7.818011548159726	7.829774470176902
7.8204621017889755	7.8425955638356415
7.818639382840935	7.796928435238005
7.819462050540549	7.845108023921515
7.827993078144894	7.747588858223532
7.814535199564047	7.93745425677705
7.811962596646514	7.837228303414381
7.81262722863248	7.780352729771184
7.819028820423628	7.796109339595134
7.823636869866353	7.948797036567553
7.815262283806219	7.792213003910758
7.812266885641466	7.812240607939492
7.825073469318358	7.855029415467874
7.813598502387346	7.916556015007753
7.812928493916749	7.844542643411072
7.817158992657245	7.8700592093803206
7.8217471968674674	7.839114384135263
7.809610853554162	7.856234248139157
7.8209027796944195	7.951671835826836
7.818932239301238	7.845961397989479
7.819616866778056	7.8927757006579595
7.820171457469614	7.750720219622582
7.823863965164654	7.846548320838559
7.815087820484813	7.725476151821512
7.813533891931983	7.779158073083464
7.816321046932088	7.839310453294535
7.816119182117389	7.85847836175418
7.813821268502346	7.952552899268985
7.822444963015852	7.844205686340744
7.820648959478062	7.884565018395826
7.815198810891142	7.86649207506522
7.814603943579491	7.834850658488342
7.8216437850256755	7.8624320642453895
7.823809003768322	7.910166340606806
7.819081084450923	7.903473976304189
7.81748791000853	7.792723348986339
7.8085813623983125	7.846099208769026
7.807156953661164	7.960386257478687
7.815383218998281	7.821213937068851
7.815944573869104	7.888305074128881
7.803529611513479	7.891624261105446
7.809317069403734	7.913165350651462
7.8082005150197356	7.822748501616052
7.811107138723462	7.876919752255561
7.817763970408455	7.885917979131055
7.81981192595001	7.839481409208549
7.818981014805643	7.900066270051506
7.808144348275944	7.897998237796708
7.812595102492815	7.7460527304238305
7.810253377912254	7.804397643094753
7.8237733104574065	7.829282005200748
7.815060361923207	7.8989907547625675
7.808676532843619	7.786910756838213
7.817425230706211	7.848859691052271
7.8142059321108635	7.994451763410142
7.816960759847436	7.889419960253344
7.815579711668859	7.906892577555824
7.824411797018823	7.799522655757851
7.81518611731968	7.898741473572302
7.8209550101956085	7.8883598693044155
7.810386102865845	7.81578943978342
7.807781428266964	7.845766821641465
7.8155557078594455	7.7538373821307545
7.821896562436687	7.983122099521869
7.823116237277479	7.854203467435057
7.824630528474958	7.87522914490824
7.812296515873671	7.803916811661889
7.810525787048212	7.861922937044283
7.818769118527991	7.846010837359964
7.81724313817888	7.746363806591929
7.817871735241811	7.833482873432873
7.8145259963039795	7.927518247719314
7.811973839792478	7.91139645612289
7.816135894480841	7.8781781981670544
7.823501694585347	7.882216138181887
7.811991485778797	7.850178070471701
7.815319151703682	7.823077651770109
7.813084041423741	7.8197345118976616
7.826393038221197	7.8531923466214355
7.813693729958205	7.822263539988103
7.8127655397616715	7.84533995783195
7.8099392566386765	7.961681114179292
7.819832257593035	7.9133217003694964
7.821443608880668	7.8544836561956
7.830349469871785	7.763970649516093
7.825357593026442	7.870453717721131
7.8187155704662175	7.928900546857584
7.808954402507042	7.9370010123708905
7.812986229394357	7.8896760308977685
7.801882063860332	7.843403086187489
7.80741900967911	7.825780670342452
7.8258497651021734	7.921738686563934
7.818295949488007	7.897181043112282
7.820404265429773	7.8687047896008115
7.818305551089922	7.889301756179793
7.816920425541339	7.912097832816682
7.812821523383907	7.845928906953739
7.813314460129004	7.8087531545859195
7.819555058286647	7.926032617210692
7.815766052551735	7.885859461859284
7.813887550184649	7.821829601529695
7.815464082073103	7.875944775133696
7.81285052664123	7.782212379746525
7.820932347706139	7.909704222904084
7.8175667833138744	7.801513801882807
7.812268128219007	7.759099758714898
7.810795557392526	7.809947742938972
7.811870025091894	7.838125996642073
7.8192535513306725	7.88844710558736
7.814607224690352	7.766893863850621
7.815243214701079	7.828450441434676
7.819723292348779	7.908580945073049
7.806477146523912	7.884763940258943
7.819541136953792	7.9586065131604755
7.8174099414691085	7.916812151851517
7.817384663227952	7.9465597315787875
7.815214685701245	7.909102894956614
7.819603699977422	7.814842001378234
7.81918380316942	7.888199405263243
7.812720937907847	7.920244403704222
7.8208491334579	7.908602375193515
7.81065217811051	7.855680160857857
7.815484383005156	7.8350218437099715
7.823603586853707	7.724651775803934
7.814434587411306	7.856928169840957
7.814529931923178	7.8835442043082
7.812651143087116	7.89163904531923
7.822657491341115	7.838538709560335
7.813537204239554	7.845714130931099
7.822137692447422	7.854309102018681
7.818715438667016	7.800216469379441
7.809286285654587	7.980501451524585
7.8198686733123655	7.853075878740195
7.827002074028997	7.857568097429157
7.8151956067262685	7.825750494672986
7.818249900936869	7.7693594384723195
7.827936185415041	7.903382892925624
7.821028706746415	7.842718083661169
7.816365287505424	7.827718334496522
7.8110068523537395	7.868709855367223
7.813059850353107	7.864877780501582
7.811180451720923	7.787874101587889
7.815327419627595	7.837752378073074
7.811685923043359	7.876057860150847
7.814814193805391	7.858173445594897
7.814303925229859	7.890672959253713
7.816171350673717	7.800060219297566
7.80520034919104	7.784351000225683
7.809861660507511	7.8509047158350205
7.8200966133904934	7.809538948690522
7.811623732972177	7.8272993315376365
7.816364305431332	7.844562888772848
7.81902315368294	7.857166162088696
7.817285198465172	7.855547719979156
7.81273782637933	7.880652554682744
7.818771999173312	7.816648978154987
7.821773763382976	7.844547270402428
7.819618392428929	7.7792070491383205
7.8130591441655035	7.898889888926787
7.818323127683623	7.886358828001631
7.815282156254529	7.895830923817729
7.809177948751357	7.996706439421907
7.820531424533034	7.847689124408126
7.811999458719443	7.886978242315286
7.810195400239517	7.910173922929089
7.804206090575955	7.83185386641851
7.813151719243597	7.965778874919883
7.823757225627536	7.8356104301459775
7.813954968641674	7.892377731135922
7.815854727275413	7.917439919739683
7.81991497769939	7.8383992688936095
7.810740117283708	7.819254518431515
7.8179706923900705	7.880795348870727
7.81573832229078	7.873653803003358
7.8200610273259	7.864103233677227
7.818802342824566	7.886653646376835
7.81817505969754	7.840812611470831
7.814918979342773	7.825518571658944
7.823571829773222	7.866998620154194
7.816190144575914	7.799112944003479
7.818108739525316	7.898559857856174
7.816256649546117	7.864641977898203
7.816327575843296	7.8820761735439975
7.81594548688256	7.8058751358182645
7.818196445447743	7.8413078221110535
7.81498983835506	7.959324303404919
7.818215835501729	7.815432735003766
7.8137903916606	7.825399839915183
7.813758595153728	7.775164427704963
7.813136543120426	7.86814208868026
7.823436062852382	7.84274702134074
7.813675746830214	7.8617917655278315
7.816636690104764	7.898827543874026
7.820131313638357	7.935918179993299
7.823878871717213	7.781499564189086
7.813490599011901	7.766446656210911
7.812241181125261	7.819401653488444
7.812826872593206	7.8156209378560115
7.808412958202079	7.841682751902592
7.810185783524939	7.89156735099384
7.815964379186291	7.901624615463162
7.824850712392257	7.938241065028459
7.813924183629643	7.964301625166681
7.822926201581958	7.8693591776921314
7.81342572815328	7.998449194629739
7.819465714294386	7.830490194768179
7.812136226007639	7.853736462359792
7.817474163635155	7.86733799547148
7.8111502800548935	7.867077659404939
7.809073808297296	7.905773383425426
7.815739124344668	7.932893979875643
7.813866858639036	7.872594574876799
7.818189701541505	7.82904861534141
7.822361218194576	7.846356034514944
7.817466141899839	7.894054709874326
7.816707834248972	7.8569998664879845
7.80907158453315	7.906799929330974
7.815480835211223	7.8702967898609115
7.808227377423286	7.864763424937073
7.825148744279907	7.83308874252689
7.816040152906196	7.898343568143456
7.817116015862099	7.818413046297094
7.812580254786716	7.9610007796147775
7.81929432532793	7.81643968158052
7.815151088705983	7.937117445823621
7.815112160105161	7.9176914793363675
7.82368612197332	7.823324642994909
7.815161163732862	7.909877313224101
7.812076824925161	7.831618674845256
7.810651690887555	7.8444777212449575
7.809610019915909	7.891456543559669
7.804545502975169	7.819310038564515
7.805049004302484	7.915987971340911
7.814795789647483	7.82573689864018
7.811104077933101	7.8727616336223925
7.813853052952979	7.788335932014663
7.823863107145576	7.923988900987121
7.834760105193979	7.8799654754579835
7.823069937798014	7.807444514513028
7.812515445032313	7.821350710252924
7.813868945143555	7.826419709792072
7.8208642355693625	7.823405282617454
7.813328332231861	7.843960662697053
7.810361630874057	7.82972817247955
7.819416558581344	7.861282377108592
7.813973387178461	7.973818565813158
7.808757569973119	7.918227336039219
7.811694121243029	7.800515793567502
7.819523510018681	7.909406533799328
7.821728583800102	7.978423231188628
7.815282631719758	7.80407463680325
7.814689167360433	7.804626586691219
7.812683138245173	7.923913497156938
7.819179844184963	7.876735223339033
7.814254443295137	7.89828317184309
7.828115091163463	7.797761738929176
7.829490374537437	7.902738119989016
7.822432979484189	7.958722096915723
7.816292891987401	7.855037192931722
7.818037236571453	7.746336388939481
7.823206430135531	7.874706283812426
7.806852387371729	7.891697796134974
7.821041311587211	7.851510682683388
7.809913351932549	7.824606198887136
7.808884747432263	7.869770704816006
7.815178601872214	7.8552895906679545
7.823250548965211	7.888403680899498
7.818461747375461	7.778914758673058
7.812710979901235	7.871377342642055
7.814391310807283	7.850363151462629
7.8131433877599505	7.803737023804993
7.812897374817948	7.874155406307483
7.825369527366723	7.954466298593948
7.821702450476195	7.859693466264237
7.813166256184819	7.844784389331248
7.815396007710645	7.819233212658376
7.8183813489218705	7.8005131073194125
7.81135142645416	7.811455296622551
7.817439673219277	7.871044371239342
7.811221642901685	7.817647705796435
7.817599710601007	7.795540601666136
7.826380061442165	7.894455925867434
7.8193445167646844	7.924391983233581
7.822483502699258	7.851213887972723
7.817117642397436	7.88605925910457
7.8169701904403315	7.920438583241793
7.820476295114703	7.878378254996347
7.824969224094792	7.889373085480223
7.822432783971303	7.830445711255105
7.818046224975256	7.82060791359135
7.808298861446791	7.977911914404795
7.8256702695336156	7.869347316778968
7.82080834723658	7.859245603754165
7.815647417049868	7.898750936583129
7.82077783571097	7.768174686756551
7.819261144431238	7.837619933662505
7.810333062301749	7.860199838606062
7.8136903928666355	7.827472703900282
7.809553567987053	7.9085516412088905
7.815030394752888	7.849357072199157
7.816932847456299	7.914327704788268
7.817643655555184	7.885102649649911
7.816899827532332	7.915943834690423
7.810621543186791	7.837228642990821
7.815473474358763	7.8911680739557974
7.812181394258904	7.867649240788058
7.813119368938699	7.949884634976198
7.811475751622742	7.951787953034317
7.81508119356525	7.79446592204057
7.815793576299506	7.833238240723677
7.818049216787646	7.888025378660625
7.813323903618761	7.80685059638276
7.818628825007462	7.902163117358745
7.8260009446587775	7.87412844049584
7.817347199982015	7.7868621270311
7.813532340475749	7.887920739603426
7.811635640022568	7.792870558842587
7.813500983299693	7.964623519209187
7.814071334074093	7.714552420164953
7.816625843402617	7.783838599757813
7.81487409625436	7.838863181276228
7.816816439103784	7.870501195981977
7.8124730333510986	7.920493063130881
7.814987784469273	7.909703535502831
7.822350019578907	7.846381724177717
7.8245782190313475	7.778507955773559
7.822806339600449	7.883568745341362
7.822888829560798	7.7880604075529725
7.820311814883638	7.826479602216046
7.808037586098563	7.930720631675226
7.816516564636318	7.785165611357504
7.818264946263555	7.855370090854512
7.809499152039965	7.799505429716788
7.813567520923638	7.858976981597766
7.820419390141744	7.804474370025986
7.81409573270413	7.94702380476458
7.819671422344953	7.911763600265031
7.811622153809533	7.768822833760176
7.81390808491875	7.767525960949064
7.818888133437746	7.736017596762928
7.811633500496866	7.864131072085137
7.81393917332954	7.930054386475723
7.813631075016167	7.87657490650737
7.81655158012645	7.895275597308259
7.807464586221127	7.874239440840694
7.820404565572522	7.899543505740745
7.818213307875158	7.759933615098237
7.818609457389286	7.873332439403862
7.826701030392919	7.832891702723727
7.817338714616518	7.9516036523108
7.816362485208986	7.8635493781412436
7.8187499653565675	7.883622451141976
7.809478116807857	7.91469255610394
7.826317850671998	7.882314465134493
7.809360377361993	7.864573066609092
7.813971142162957	7.855434302568438
7.812621677844624	7.947024440850857
7.81551410850744	7.791613909730572
7.816836877703942	7.783305153769014
7.822176786713119	7.868223064420353
7.8161561901389645	7.882337416060803
7.821240633287041	7.8101671814954186
7.812951660913653	7.737508603614664
7.815950670781041	7.809688890347556
7.8160129520614126	7.93136582379484
7.819065874670041	7.842206576517694
7.815537847252789	7.786814871103484
7.827626784925113	7.951574921990452
7.814045947046001	7.846359746218222
7.806511675647465	7.794942293882473
7.813983861637979	7.839466470254692
7.825405815507463	7.7977727881443935
7.810357210925962	7.90041609501712
7.820885341022077	7.900640395495507
7.811558447238076	7.852546783463398
7.807328990908463	7.888608543893759
7.819904239227605	7.84969494832598
7.810668397382216	7.904670450037706
7.820676318949136	7.778815736728439
7.8167709031815855	7.7938412301068425
7.8131116875863595	7.825928389177482
7.815163761159413	7.911439645497255
7.804851612015048	7.88439010401653
7.816816190988423	7.747270278922435
7.814726788920258	7.857774810454511
7.821708614046292	7.7961354751002405
7.8153741838750665	7.848504709231037
7.814440750611297	7.84338822402935
7.820845189160664	7.890775699619159
7.810198370716826	7.829960102455409
7.814911649403379	7.899540225579605
7.816451179019678	7.864159077475195
7.825852286356545	7.827088604806902
7.825862392023481	7.916595270470191
7.813767974400186	7.909582270439217
7.8084258933751425	7.858848591249988
7.826235156699916	7.811685598344376
7.820920845043628	7.996093519686653
7.81444876478329	7.774610419212842
7.824632209447153	7.904260738929414
7.82425723071871	7.8172021874985855
7.807567730654781	7.8415191612154915
7.81695296754432	7.871964298289907
7.826153857108309	7.953900038173796
7.807735842978507	7.906395683581321
7.816449556616775	7.839067768160678
7.814671849478859	7.805633139579035
7.819001989169926	7.813940464191969
7.8169922600204105	7.7646617797429585
7.818266060790456	7.885131229682988
7.824317668910512	7.889227716443764
7.8147693997222865	7.847629804301677
7.813579184267733	7.789508452428394
7.817269648931581	7.871831097638707
7.8133516915844154	7.843550734575093
7.818459133811971	7.870093156150797
7.817776528587912	7.806578007618166
7.812025869743949	7.794883389171272
7.812519128521534	7.827141291412795
7.813529027712193	7.820504907344071
7.8210981725903554	7.890479288265473
7.821116797398715	7.892165362046445
7.812132233464656	7.831563072034171
7.812933368131603	7.790400628678368
7.818043634892447	7.875460177429221
7.8135400636619226	7.884468480530524
7.817877405471724	7.843777327404884
7.819511013481717	7.75534840156723
7.81924445050789	7.813271706651328
7.814543952674415	7.877619905559707
7.810988592839941	7.935256296955399
7.809870770627901	7.828981114111009
7.8243533704122985	7.833333897451424
7.812050456493965	7.765219589911045
7.821421606355025	7.819650468099262
7.813447234936717	7.902423784701479
7.813305306720618	7.939730233865029
7.8181347015046985	7.906005513629766
7.817723170315674	7.874759832781023
7.809181287729311	7.8775036557291065
7.81970076217349	7.856662447913938
7.814697313373553	7.819475218891521
7.805815213428218	7.927149361100202
7.829960795331745	7.829249455535705
7.816771149999534	7.799829959147703
7.8166005065986255	7.965765796045989
7.819308352145548	7.850753797622077
7.819114527058102	7.872510726388191
7.813889571207594	7.773759143808593
7.817035624496228	7.851562807495764
7.817414597876584	7.770107032987592
7.813337854654399	7.879219657708557
7.818642129882623	7.87104904685539
7.820490457823588	7.786578586025915
7.8163898394323965	7.908117383143163
7.828707937166427	7.840216755241296
7.819706520443173	7.856761665649851
7.819815406650895	7.95870011611918
7.823813840156728	7.83086734794098
7.811799938405837	7.893238343352946
7.805012788205854	7.7896245035488425
7.81431162666569	7.890837650396106
7.818446361300549	7.958364859000251
7.819564774119793	7.840897755571883
7.819244386916906	7.791943988979155
7.815374725195914	7.740423333809768
7.812045292832171	7.879094498556554
7.817402861024381	7.935142054909061
7.819142246032818	7.805920815625303
7.810174938371102	7.818163018379301
7.815397726963885	7.855722722060162
7.813068876765285	7.9415139134413435
7.817724367308083	7.775349703601461
7.823079706929082	7.937796799311382
7.815829692995386	7.895230220710594
7.818157947488164	7.929173219143127
7.822652941288645	7.80101277949901
7.816149413613418	7.800278307690804
7.803486986386951	7.928453313829824
7.815380799933156	7.864747826970785
7.819626624714886	7.9392131604752
7.819507025053276	7.961369748046114
7.81058790701115	7.872726096984673
7.818463186092058	7.795204972092555
7.806051948499614	7.9220281367362935
7.8179906804153	7.821332128488995
7.819303744054171	7.9969614361955665
7.8127437683937835	7.829359952418336
7.818429714393454	7.737738871473029
7.813945711529644	7.794847394521296
7.815321580198746	7.665274616375756
7.822964071790122	7.82199757725954
7.822297780345318	7.839570671610916
7.804943494738203	7.881183612171917
7.823336098651098	7.9432819677953885
7.818162844689277	7.870028415878178
7.805004513164679	7.847347869081274
7.81468513076953	7.768347276294299
7.814679815576618	7.966998219803978
7.816278374558411	7.919349677661537
7.812985473159712	7.845642562744035
7.825634501805041	7.868038756300833
7.815891060853729	7.835962918023454
7.799840994031923	7.775866193616988
7.813796315120156	7.877658860243883
7.807361122190802	7.812474815351369
7.823082248522597	7.720297043931008
7.817284218008092	7.880327392448977
7.816183204751507	7.892629072496104
7.817398363710353	7.89764996746072
7.819970681603547	7.892096977551111
7.805279586566306	7.839739623048455
7.817881176959717	7.922166215469342
7.815144943351669	7.891748829975317
7.814432952009018	7.880077128751816
7.8101580312179895	7.898526259991167
7.813027720412182	7.990084048316035
7.814241878062134	7.78560437548333
7.816285231359802	7.901964718593144
7.819965768167712	7.84851397531796
7.811264521098959	7.851259232219955
7.828688047769207	7.8091311250630175
7.8176669345310446	7.886949810269051
7.820906772464014	7.749321529904549
7.809553610322689	7.740388614382633
7.82911353182523	7.819648528324069
7.808696926553214	7.838848778540802
7.81973920531594	7.879179343474004
7.813297355592109	7.786669325095787
7.8202198474477616	7.802841547731611
7.81672339180737	7.826859417211161
7.820412204319245	7.7872620565915
7.8115270310371265	7.822883801988286
7.813687138473372	7.92718420798944
7.807845657781817	7.81439144754059
7.8116084820073635	7.785267795964911
7.817899893899406	7.860773200878305
7.822525425238223	7.735450078430818
7.816659241298791	7.959013696290498
7.82265918216611	7.918970043366176
7.821695513775777	7.841868692972272
7.821001133791107	7.829751332366854
7.819295520310829	7.826735817745451
7.813195275632838	7.869052681901759
7.828619101230261	7.867655913224601
7.821576434972034	7.832304985380888
7.8151922961682345	7.923492216729525
7.807164798512578	7.836678806720597
7.816419697483626	7.833829966688904
7.814804969754153	7.8532544507894295
7.806385578368637	7.854794777590601
7.82009590718376	7.848832424938541
7.8179583718279275	7.7192528673246015
7.815814689993355	7.895076125910958
7.808580632181968	7.750876256967849
7.821614966340296	7.841930593365059
7.820598857482949	7.750144003230379
7.811455293992987	7.800426166592662
7.821932223200977	7.913420556390379
7.811767773017121	7.883776592078482
7.819688170115649	7.72526365214347
7.819768390806002	7.853273482687451
7.815565530629541	7.920702337403149
7.816633224525862	7.761887594454235
7.815024159537106	7.968206404728735
7.811546627568615	7.837284058177175
7.823450346724592	7.880308013522872
7.819437310752793	7.8832073906287885
7.814210704900539	7.84113044053385
7.802172930045601	7.8906192507028
7.81636050688827	7.9510631056437635
7.808706118912284	7.855216327674611
7.816800037902832	7.843234033724274
7.817497873160196	7.837704529891617
7.818297980504211	7.877072846938192
7.815292024947224	7.80243101051111
7.823181066617229	7.893154484092345
7.821394764580632	7.903490643778428
7.81340609145427	7.774449888968574
7.808529603172472	7.830066462645424
7.8152342460014665	7.864170121446178
7.812535372597484	7.8436938424349
7.808221612558171	7.838614292030786
7.817337620609765	7.880883004810347
7.820227639471313	7.860161145592078
7.8215730449015375	7.861534753771752
7.825497733951658	7.9245421998729935
7.8149737407072175	7.957334627350183
7.8157636862936295	7.875125838959236
7.823503405937243	7.921666207373538
7.817538556551768	7.817292983386146
7.8164446717095775	7.859181642153712
7.8087236851275135	7.8137418094286
7.817700401133372	7.863378710266876
7.82628857360488	7.947025861243471
7.814457580975287	7.777635012057411
7.814036319458184	7.909790439932856
7.812148530597731	7.883454517825389
7.814276885339466	7.996395782008247
7.8109894293293545	7.789409464841906
7.81624490141826	7.7353321753363735
7.821605984395146	7.756092134389696
7.813056472874768	7.890795731236811
7.802087147939711	7.793273602644263
7.820902919045457	7.806873982009299
7.814770062998072	7.723222447387804
7.824440615154258	7.8656777795464965
7.813421317384347	7.849037261457886
7.827913685766109	7.908734471681028
7.822656017833259	7.877273520500342
7.822933946377168	7.751270750889443
7.815881972799625	7.893781525319684
7.813333493091308	7.796367374857687
7.8142137258331665	7.831459148921902
7.8133472662832135	7.886173412017577
7.8262238087959295	7.891521884050279
7.812516260061606	7.76448000004357
7.81755384880342	7.839877883261118
7.818389008424816	7.796064238006412
7.813361341210772	7.851644774341806
7.818234042105583	7.953922757087946
7.819528749797435	7.903175148764235
7.819673763455193	7.796019331211702
7.824791001348634	7.829225325316541
7.816708017053926	7.750262719679128
7.809578299501959	7.926037997319047
7.808416666147914	7.812277297807797
7.814642079067563	7.878466125985477
7.820708235825593	7.774582306445669
7.813424478957016	7.819497794126745
7.8079017109022475	7.892619323807947
7.801984047797299	7.8359115705695785
7.80834778877075	7.8303635770688365
7.8188543417515035	7.8056256249690845
7.8145551847046475	7.856343623719814
7.814312631671164	7.892074679248137
7.81894563905089	7.809643920210235
7.8246974319170635	7.831156453193187
7.824445270836795	7.822111757233563
7.819108652987076	7.8228512653423925
7.813350433195306	7.835794207913344
7.817202918863209	7.756144241597567
7.819230522831442	7.884688781336741
7.8162180540599415	7.784843355161916
7.819319934923261	7.853099915153318
7.8110058986533915	7.857028934247522
7.807735619041874	7.88466993588499
7.820821121946635	7.869834867091072
7.806344811791256	7.831369599814195
7.816668920671208	7.779194637258446
7.81469020852782	7.803531707017773
7.81095971852741	7.8678690944040675
7.81250901122964	7.860811112114158
7.805222064037599	7.856794125778836
7.817303667270777	7.891009747562338
7.805436611151799	7.8328857562261165
7.8128022035632805	7.783610297724069
7.824461257065171	7.83233929441757
7.818788040285364	7.958291842079739
7.814005735836665	7.86016660538223
7.812299568989207	7.9323198432297035
7.820827453841726	7.84201623133577
7.810615611881274	7.9125637905122055
7.817653312069676	7.890247658209817
7.818200479686216	7.88675471303615
7.8091485769685525	7.858364947301858
7.818316034787947	7.815826971177724
7.817957563070705	7.826666894342849
7.814031054647064	7.868466495239815
7.820488876320646	7.917230646699263
7.817718857199528	7.806625254339913
7.81134545548085	8.018645162859606
7.81515755062177	7.860385533166643
7.818929327445869	7.725799376042565
7.821015236937046	7.893682349786481
7.8233488664095105	7.819065000463114
7.817323158519267	7.789626648965157
7.81335208227969	7.945204382169795
7.80867489331046	7.753663712278179
7.8183938469248515	7.811054175430083
7.816230493160065	7.869630571466689
7.81800263576225	7.8823480233109455
7.819046709866269	7.868132414075729
7.812505698074368	7.907744530096102
7.813962421642164	7.819422227808527
7.826788618843432	7.856595073530816
7.820455587034385	7.957357782564356
7.815140146562336	7.852883149318146
7.812176993453616	7.716886980257782
7.815727985581321	7.806468389092734
7.81119047680731	7.737125098546711
7.816591582263458	7.865984998614661
7.818281661711311	7.895098764165475
7.809328474442927	7.944587866675486
7.815269992669532	7.910390383133224
7.807816153369146	7.788798251366403
7.814340349537804	7.928837219960899
7.8132713707156505	7.887292343134932
7.821678131545295	7.857825890132912
7.821729543031823	7.84141637147177
7.812008674678706	7.8186705078791015
7.817794381339774	7.870028345507704
7.819351342825162	7.915690733331072
7.819022491961918	7.94752816921434
7.814831559720279	7.877699605775088
7.819757759200707	7.830473163191789
7.825042246748702	7.861999683773094
7.809088119643758	7.889928728877994
7.817728410315142	7.828808552932598
7.810181633481734	7.864107226472777
7.818483934605498	7.972810553930039
7.8219110108533725	7.872531839919234
7.818997120323488	7.846612394110668
7.818144977791836	7.757783611700061
7.816787668653525	7.882097744646298
7.811160853330725	7.837779839505071
7.817071693132823	7.936903433069012
7.816672807358642	7.824825235341194
7.819553167869281	7.867827027037778
7.821453857467081	7.930054124038476
7.823457391766019	7.878950522232745
7.819245105050084	7.841439841683791
7.810701619084288	7.938896032405858
7.808784502973163	7.859892468797065
7.817365900591039	7.923002074889946
7.818093949520018	7.937414209977421
7.812267258240569	7.906181198327227
7.8230223702345745	7.844695882649242
7.815696088913808	7.823573959582821
7.820729402564908	7.86622405400396
7.82332497170867	7.911348448573756
7.821730279423433	7.88648673639446
7.8190230226766655	7.86876636642824
7.820135334689597	7.986560812136824
7.8107178301400655	7.799216446820222
7.822182069467988	7.887957136096665
7.8173103940925674	7.76721694675302
7.809685314950882	7.739359949845294
7.810493230217937	7.87853108573977
7.825485277643479	7.802633887916424
7.812012763290517	7.870654797196695
7.8204800726815265	7.83193549917587
7.815290025592342	7.8547222331499995
7.80965634608975	7.888331505171416
7.818091426426857	7.869438789643684
7.8086690665796965	7.741097805935394
7.822439804877781	7.852182621449262
7.8155187070776195	7.875027886369934
7.830243000028332	7.8298537342712065
7.819491165281018	7.9082274427615324
7.8129343930910515	7.9060633184824285
7.818838447414338	7.877171354240534
7.817267356160127	7.914842918181257
7.808930775599303	7.886854474242905
7.820590345439214	7.788514665096258
7.820253485363716	7.923857907312832
7.819036491738081	7.794511048551249
7.814083974982585	7.793697691985789
7.816732509578115	7.952482078662644
7.817134106204759	7.91855086408413
7.820344416196094	7.933490045513016
7.823073670605394	7.859511279452627
7.827398059436909	7.778111795351697
7.81860927505927	7.832077123301243
7.822718835941349	7.907982186039716
7.812029678201709	7.941965028995285
7.819866164120712	7.8283978571233765
7.813070456761699	7.947957387167241
7.819328708790487	7.810860303844319
7.80972772671795	7.922079035266805
7.82156073412315	7.89092913735704
7.813687871910502	7.914956033068406
7.811007726608933	7.898635920582341
7.813509833123286	7.787894207433837
7.811509761292358	7.925194223023563
7.816783312684117	7.9418941009022825
7.813309917506369	7.784272418351458
7.8165873673777595	7.761223469991907
7.815688420368696	7.80283310175163
7.817126841711439	7.939453576216329
7.822619119947723	7.8395386450743745
7.8175766498095465	7.923517141201968
7.816412309325447	7.839008111628827
7.814137009448759	7.928095046263558
7.8181143327472595	7.840809481217296
7.812474224304911	7.9153066524293845
7.811197662315424	7.860952045015475
7.807473001708135	7.766339831483598
7.814190939644065	7.850387296782175
7.821887195526297	7.743140682798114
7.808497818629201	7.820182796230905
7.806484343982499	7.9332563475115805
7.808575284754792	7.802458736751104
7.80770026075818	7.810263173279037
7.812756891005098	7.773085572922459
7.808627040508706	7.907503481767855
7.818913231001869	7.7781340527543135
7.818993743965386	7.923774942187845
7.821700184155219	7.80042552919854
7.8182723054882315	7.8872480260171365
7.818262406480597	7.862677090269791
7.813803145575407	7.817736176392345
7.81435440993488	7.952265255874318
7.812857842827438	7.954954005688121
7.8126717053086185	7.934501769339982
7.823728608444732	7.948377146404535
7.8215165805225375	7.848893030630952
7.817267908443965	7.855272201524515
7.8212198382174405	7.870799550208447
7.812880034133667	7.858889907843206
7.807349740281539	7.781599224405324
7.814118434369958	7.78309191151203
7.825210857064295	7.90585921594067
7.822902296922093	7.765201892011766
7.812772918877773	7.827116623078751
7.820433665356295	7.818192293320486
7.820204413971192	7.895779457721458
7.812854518712032	7.8663965351319485
7.821951685394087	7.873454453441999
7.817891275738074	7.874170532102765
7.823927126604299	7.816896223163545
7.816731918096856	7.762315602233982
7.814504771202538	7.75188513209197
7.824776603040646	7.843249921096463
7.817154395717219	7.935993377159324
7.815028434015586	7.78745780915767
7.81974306695987	7.821790638303167
7.809572627069662	7.910431820666446
7.810297785300826	7.83113953843764
7.81231471022215	7.8102255953152815
7.815694675609063	7.84642952215241
7.8224357316847195	7.921819933256986
7.814983911155551	7.903707632793732
7.815581677009793	7.808261215446962
7.816016518245679	7.828176377607144
7.812971307373285	7.927752758102362
7.821992899751668	7.791436028713075
7.818428237649683	7.888611035621204
7.8159248452398185	7.785985232946457
7.815500476300038	7.739488853116203
7.813727689806982	7.854480135858604
7.819078778832276	7.882478602714206
7.824219498626855	7.808289391643255
7.8151200600081525	7.95272594864961
7.823286523697444	7.855323797326069
7.813636751231371	7.789569578069476
7.8206741617724775	7.632402854589312
7.817138856057119	7.796043019031882
7.814566163601204	7.966109915946247
7.82100369049952	7.84379066457497
7.8143113871062	7.870503429203655
7.819685730333608	7.852873130887525
7.819421855868445	7.922674837084371
7.814399497563705	7.849298618728904
7.812239121799649	7.835934136017984
7.8155333386810835	7.871829117904248
7.811372181065297	7.876496840405233
7.810610778755452	7.837358583401161
7.818954922007221	7.947408647072986
7.816775948085967	7.931769706228167
7.818735655123969	7.95418571558918
7.814121454476775	7.846703806149571
7.8087462035357715	7.909876880768211
7.820826934239514	7.898092668922475
7.81783701346542	7.9056807676386125
7.812215458842311	7.882701371228281
7.8186129977317815	7.7730224348804
7.81765617771212	7.761045371214662
7.821597452753303	7.870697356382659
7.816884699485735	7.827229621602567
7.818989506977445	7.8505242157813715
7.821401025321211	7.849811598060697
7.822301803028629	7.821723814933726
7.812573055582232	7.916471127503954
7.821837158213804	7.91052614833811
7.810308425417521	7.931927084859797
7.8183567783247945	7.900113471266239
7.809767632457543	7.7696893759217724
7.821820280034022	7.76473700116873
7.818022447923871	7.87596819244298
7.822620617507357	7.787991551599511
7.823800136455751	7.877202934473808
7.807698506200259	7.841166572057211
7.816356954534642	7.826849681080379
7.821639576735341	7.872850442742847
7.8096265732850725	7.812755090580829
7.815926737856094	7.802293225716834
7.818659780881773	7.9168923138861045
7.816141732073405	7.9121244440265075
7.813025845686688	7.785713751642185
7.815217959624604	7.790837400269171
7.820243425404881	7.8835897734435605
7.813561616285648	7.86293762935925
7.813785489226154	7.864998321146276
7.8200484042622715	7.850631844712375
7.811531547448915	7.7929991866510955
7.8094898073709595	7.854969525310322
7.824501416046057	7.793633731293066
7.806332237493858	7.742273600719799
7.815015143319135	7.713798306716054
7.8204561126635666	7.9056601421870445
7.8146959499742765	7.759829543399017
7.812249886028552	7.818768559672117
7.8172403319724335	7.817526488529089
7.817040293213147	7.749443816823661
7.8228107861570715	7.88957023610848
7.820930879843001	7.82193053822803
7.80965278811957	7.879739693805111
7.8184214684573865	7.83509188800186
7.8221193978001216	7.77357171110978
7.819955584566611	7.803225086825795
7.8168976422319885	7.770679056185625
7.814645238748069	7.882318062519401
7.814566432522406	7.793047116993825
7.815784680216123	7.74756423275288
7.810874759406937	7.822181053811581
7.812665431086793	7.874949484895733
7.821287991987322	7.818473812443758
7.8160575296762005	7.836260953244306
7.8185640098700615	7.779639230126034
7.810360730649172	7.818570962077507
7.8228056052542145	7.750960122363851
7.8024507412145425	7.837555419246258
7.817451500506733	7.809559713700775
7.816286720826832	7.8450711180236725
7.808740022413123	7.997597974799956
7.820972039144791	7.90771238861618
7.8193321203285295	7.795782680275751
7.813823104871763	7.917031165251597
7.817496492199407	7.880743722697158
7.821600715180386	7.843991589939657
7.817613981820623	7.791996391962257
7.8128306385982444	7.959826175002514
7.809819325170856	7.87263702953666
7.823498511676002	7.823167610585737
7.815049070700193	7.890722034288726
7.818066071465624	7.8618189417994735
7.814653257448702	7.950108609717227
7.815474977611923	7.868924669305492
7.81703660854649	7.828271814529992
7.828657283578492	7.767429709346914
7.818026348155923	7.871026113113103
7.823140006360846	7.820051188236878
7.823621392779887	7.827824794568485
7.825434616186537	7.903037761661534
7.811807073971406	7.947608258027831
7.804148908783323	7.820885126880678
7.819249999344115	7.873084087046999
7.828473109298339	7.825905343397702
7.818658654466816	7.73542893872931
7.817462320715052	7.919988852268759
7.816158134197543	7.884251820464528
7.812533185685777	7.871459757259306
7.821630935403228	7.896724633505971
7.810580590578059	7.748240303438004
7.813461359247561	7.722527299355249
7.809213323298648	7.889065621483346
7.8197500330074545	8.010614390704125
7.819496144907902	7.946510867908535
7.8276630206470825	7.982296673276462
7.82006944150823	7.88483784889777
7.820767634871928	7.844674802194411
7.815201842031118	7.799853250470371
7.811312017557995	7.862492898144453
7.810290092142258	7.9651297830912675
7.811063238896889	7.89513914147782
7.815345564003772	7.886083258104369
7.815998384614409	7.8267090016328495
7.812871710666124	7.836460089043285
7.8068916308954845	7.798696559846105
7.818370121875077	7.844407678423178
7.81713040442002	7.912618038186605
7.824775171713847	7.860530966193778
7.814264076505171	7.737027173362949
7.814182088990259	7.754864812597827
7.822818038902935	7.897731133134822
7.80290239444631	7.872742602666675
7.8211358582890655	7.7818160913010646
7.814057985014772	7.820928817700957
7.816287371407266	7.880769927194046
7.824143517251251	7.816299652199934
7.814618124556143	7.827262615082259
7.8119608760975465	8.00684619470262
7.812247595001531	7.811436216380242
7.818589120721268	7.885379148593625
7.819340322904751	7.856840600849179
7.814438343313167	7.862164368522271
7.817854027086511	7.801895395048503
7.818303327923401	7.8323579044269716
7.806808508502197	7.95133121363263
7.816067595931821	7.969627172597557
7.817198153398706	7.844559631852529
7.807067674011739	7.7898811865876265
7.811785165403174	7.796006262033665
7.81213337286913	7.889761499390435
7.822150330747484	7.94974314304749
7.8119810242089756	7.787368703849706
7.8141661999770875	7.916253450082504
7.803307880479122	7.967052346704619
7.816006425739864	7.8836597100546015
7.820694332235183	7.844556448055574
7.820621312568552	7.785904514051253
7.811768851231362	7.976767665169294
7.817041694842234	7.958139686876391
7.816928484585529	7.854998498421795
7.815175034353311	7.9251186249635
7.808037552850414	7.797335855057383
7.8167068853708805	7.788259453072174
7.809471095966217	7.8671565473123595
7.813112226218861	7.804686021227157
7.816154929057186	7.860647872803028
7.816889755556364	7.890110944943298
7.817332869748538	7.882425710964104
7.810737477321462	7.7464527747993825
7.811771797649616	7.836961689701159
7.816080258675122	7.72432021492197
7.821980138065323	7.800641239995471
7.814708460683892	7.851487843815537
7.8102790151079935	7.834774500584527
7.8209240478736195	7.930002506159731
7.8273445638300405	7.805400367498189
7.808395041068775	7.919256482805251
7.814210912569348	7.8338001499247
7.813756603290681	7.916009255657161
7.815827757666865	7.893704709880654
7.824519468313472	7.767081131789788
7.81530776773463	7.879640021933311
7.821041331496831	7.8674903476728595
7.813552733243345	7.770390559728056
7.808093852216608	7.878962596765449
7.8181894961085	7.85724438552047
7.8289861283799365	7.881222798027078
7.824155782134593	7.883399800986814
7.824173006516277	7.817634429780691
7.81620876688341	7.816656824276776
7.820235350976338	7.849655271702071
7.815943502888386	7.867284458820784
7.815509787118665	7.9391563453753715
7.8094362827994726	7.977112534842339
7.812953712961149	7.830960499007242
7.821502125252096	7.945519200591661
7.813369845729169	7.843727586843344
7.819901305619195	7.862297400042964
7.8246062697591565	7.916955914847585
7.815380719167947	7.877530975684682
7.818360666535499	7.897970745893528
7.820007667511203	7.869996300605504
7.810431552010764	7.8283498029613225
7.822672852026819	7.87406726140206
7.808566183143199	7.784316734457528
7.823334662690704	7.82914104298738
7.82228820557923	7.862513413949511
7.820474312974678	7.8277394065668755
7.811396450173035	7.847013255274513
7.808289623454768	7.846918399005529
7.820795038093771	7.768220290059805
7.819852077210794	7.824768338315459
7.805117399774275	7.879827319314509
7.8203361582954	7.875160229664416
7.812103155029058	7.8259384079898515
7.81773685967565	7.77896019978964
7.803080781863969	7.9216268456337335
7.81884184302774	7.932347208513969
7.815252427378282	7.8829103870789385
7.8192266556706675	7.807508462378503
7.814171333370962	7.824449390609731
7.814763423218111	7.845178625260741
7.813711225174702	7.871037626129842
7.820886035012311	7.850031257998151
7.82670335172809	7.92402260270223
7.810907371292729	7.868328245632034
7.81433552268559	7.736684539457871
7.815395436254991	7.814213346976694
7.814530643097167	7.912881507605631
7.817193034456809	7.88081211037497
7.816798628141193	7.802311566841957
7.819390183257805	7.7605818230500585
7.820954450501548	7.887660571731163
7.815820383988228	7.924291817298298
7.815358175383086	7.826081237631017
7.817088526268652	7.834389247467016
7.81000786449204	7.906905835821531
7.810783402183473	7.839874010423973
7.819172588620327	7.8080437760446095
7.816264679633749	7.818690946014939
7.820155779512411	7.790979657541642
7.814552827563957	7.816786737744091
7.819596058826265	7.896281946862092
7.818180071474559	7.889714147228519
7.820955169848204	7.759060496808231
7.821928756871673	7.815746027003933
7.8160948611910905	7.838430731383744
7.817405975629452	7.825575100501944
7.813875516652625	7.804756310463613
7.815093722921232	7.932406617071765
7.815447238624649	7.806526639964623
7.80790912737059	7.787357602706908
7.820391981959361	7.816574061667358
7.824644083498173	7.8806547665630875
7.814620796350887	7.944853811834156
7.816163404866742	7.8500967049351855
7.821015234192943	7.775940094442526
7.8141963905306735	7.81021736264361
7.807704183453748	7.861049005263421
7.811766151941295	7.822348853127262
7.808529347790657	7.842227173409844
7.813548074739583	7.887853719353681
7.820091646378903	7.829846017671202
7.809408448443803	7.72895834546911
7.818098258955667	7.8620815310793475
7.812155735782326	7.8876150324365195
7.822331086539812	7.741872985587728
7.821596395873194	7.8296722227250095
7.820574207796573	7.968014282608323
7.8126131418869065	7.842465304572615
7.817024163820143	7.982797476948725
7.8170799989888335	7.882268437361362
7.815796310838648	7.803267641319255
7.807352799555231	7.927880890639241
7.8177316790341145	7.847048612626685
7.812883875663346	7.814553791553566
7.822690851796808	7.822084233233711
7.823893637633227	7.842876896906907
7.820781613065475	7.795973077070736
7.815038464564706	7.839258805686435
7.823237017128616	7.883240945365805
7.812751552260109	7.8237906417691265
7.817199581271598	7.886344898003258
7.822842538122396	7.973787572225052
7.822210351354758	7.903606582807866
7.814405481266457	7.844090220510315
7.816312468674171	7.873061479410759
7.822584486395991	7.8982160565792086
7.817724961650771	7.893850033263161
7.813360842688963	7.88317628642261
7.808185939612723	7.808168184731745
7.822959693511683	7.889033690738098
7.812748897914012	7.888833943540742
7.812264643125633	7.928531593806371
7.810781649620291	7.826251551122359
7.8135042186704515	7.910014150453548
7.822734060237767	7.7949318747586664
7.821965204468653	7.879454003294
7.82321237279355	7.815391006517366
7.8102120032839935	7.847754743349705
7.814870221500066	7.781385630663445
7.819123375949747	7.90600912246907
7.816241776794925	7.889069720696306
7.80917703614058	7.8767368648531395
7.828844401485327	7.9295700830066655
7.81038417836652	7.95414993256645
7.811055415589895	7.85300078748952
7.819530767367535	7.778542440828684
7.814837788277571	7.873651903009028
7.810697729116026	7.919355855762759
7.81498585323681	7.836374529979047
7.817165669228375	7.8748888151386165
7.818421733359579	7.8724660036921525
7.8225298987528555	7.852437353479969
7.81694739388873	7.724864793487446
7.814480479349938	7.85431387760507
7.813926874004383	7.921653479031308
7.813546650964707	7.847103325491666
7.812849469650666	7.913684114958607
7.81733394019939	7.957891405265459
7.8167554892763365	7.83770337999878
7.818673675494411	7.813069244432512
7.812363519094452	7.89558926309578
7.819231922337125	7.8265809266870585
7.816503252796561	7.915503059328866
7.804926070835214	7.891298557719642
7.805324329963868	7.915433866047518
7.823010286882346	7.798115369931592
7.813627963439313	7.891234077389761
7.80781169341451	7.894141184064876
7.811337949164327	7.973501238842378
7.817721174641365	7.829020597733407
7.82216381032702	7.801601706660863
7.805392491128906	7.8815355488005485
7.820347028038831	7.856536965700284
7.821827519963767	7.952564895630497
7.8164060604104995	7.807751235242746
7.816215276260137	7.767760438713883
7.8060596672481255	7.830318468631259
